## [BeGaze]
## Converted from:	E:\henrik-iwk1\henrik-1-recording.idf
## Date:	13.12.2019 13:30:00
## Version:	BeGaze 3.6.52
## IDF Version:	10
## Sample Rate:	60
## Separator Type:	Trial
## Trial Count:	1
## Uses Plane File:	False
## Number of Samples:	3381
## Reversed:	none
## [Run]
## Subject:	henrik
## Description:	Run1
## [Calibration]
## Calibration Area:	1280	960
## [Geometry]
## Stimulus Dimension [mm]:	1280	960
## Head Distance [mm]:	1450
## [Hardware Setup]
## System ID:	
## Operating System :	
## IView X Version:	
## [Filter Settings]
## Heuristics:	False
## Heuristics Stage:	0
## Bilateral:	False
## Gaze Cursor Filter:	False
## Saccade Length [px]:	0
## Filter Depth [ms]:	0
## Format:	LEFT, RIGHT
##
Time;Type;Trial;L Pupil Diameter [mm];R Pupil Diameter [mm]
188886778;SMP;1;4.38;4.22
188903388;SMP;1;4.34;4.22
188919955;SMP;1;4.34;4.24
188936502;SMP;1;4.34;4.30
188953010;SMP;1;4.34;4.28
188969814;SMP;1;4.36;4.32
188986400;SMP;1;4.36;4.32
189003244;SMP;1;4.36;4.26
189019389;SMP;1;4.38;4.26
189036295;SMP;1;4.40;4.28
189052914;SMP;1;4.36;4.26
189069506;SMP;1;4.40;4.26
189085790;SMP;1;4.50;4.34
189102837;SMP;1;3.16;3.42
189119026;SMP;1;0.00;2.96
189136254;SMP;1;0.00;0.00
189152287;SMP;1;0.00;0.00
189168942;SMP;1;0.00;0.00
189185376;SMP;1;0.00;0.00
189201998;SMP;1;2.96;3.70
189218735;SMP;1;4.34;4.40
189235161;SMP;1;4.62;4.30
189251830;SMP;1;4.42;4.30
189268565;SMP;1;4.40;4.24
189285170;SMP;1;4.46;4.22
189301818;SMP;1;4.42;4.36
189318555;SMP;1;4.44;4.40
189335361;SMP;1;4.44;4.40
189351347;SMP;1;4.42;4.40
189368232;SMP;1;4.42;4.40
189384561;SMP;1;4.42;4.40
189401260;SMP;1;4.40;4.28
189418401;SMP;1;4.42;4.36
189434505;SMP;1;4.42;4.32
189451018;SMP;1;4.40;4.30
189467624;SMP;1;4.42;4.34
189484845;SMP;1;4.42;4.34
189517588;SMP;1;4.42;4.30
189533918;SMP;1;4.44;4.40
189550645;SMP;1;4.44;4.38
189567299;SMP;1;4.42;4.38
189583765;SMP;1;4.42;4.38
189600267;SMP;1;4.42;4.40
189617011;SMP;1;4.42;4.38
189634046;SMP;1;4.42;4.40
189650210;SMP;1;4.40;4.40
189666619;SMP;1;4.42;4.38
189683389;SMP;1;4.42;4.34
189699990;SMP;1;4.42;4.38
189716608;SMP;1;4.42;4.38
189733000;SMP;1;4.44;4.32
189749983;SMP;1;4.42;4.32
189766384;SMP;1;4.40;4.32
189783167;SMP;1;4.42;4.32
189799374;SMP;1;4.44;4.28
189816094;SMP;1;4.42;4.30
189832880;SMP;1;4.44;4.30
189849381;SMP;1;4.48;4.28
189866334;SMP;1;4.46;4.24
189882479;SMP;1;4.42;4.24
189899589;SMP;1;4.44;4.24
189915614;SMP;1;4.42;4.34
189932332;SMP;1;4.42;4.24
189948879;SMP;1;4.40;4.24
189966005;SMP;1;4.44;4.28
189982119;SMP;1;4.40;4.26
189998822;SMP;1;4.42;4.24
190015306;SMP;1;4.42;4.24
190032027;SMP;1;4.44;4.26
190048881;SMP;1;4.42;4.28
190065028;SMP;1;4.40;4.24
190081635;SMP;1;4.42;4.24
190098711;SMP;1;4.40;4.26
190115076;SMP;1;4.44;4.24
190131893;SMP;1;4.40;4.26
190148229;SMP;1;4.40;4.22
190164619;SMP;1;4.40;4.24
190181489;SMP;1;4.40;4.24
190198019;SMP;1;4.40;4.22
190214813;SMP;1;4.40;4.26
190231014;SMP;1;4.40;4.28
190247638;SMP;1;4.40;4.24
190264232;SMP;1;4.40;4.26
190280938;SMP;1;4.42;4.24
190297527;SMP;1;4.40;4.24
190314220;SMP;1;4.40;4.28
190330564;SMP;1;4.40;4.42
190347436;SMP;1;4.42;4.38
190363758;SMP;1;4.40;4.30
190380579;SMP;1;4.40;4.42
190396911;SMP;1;4.40;4.36
190413474;SMP;1;4.40;4.38
190430133;SMP;1;4.42;4.36
190447273;SMP;1;4.42;4.38
190480012;SMP;1;4.40;4.38
190496426;SMP;1;4.40;4.40
190512998;SMP;1;4.42;4.40
190529673;SMP;1;4.46;4.34
190546367;SMP;1;4.42;4.40
190563280;SMP;1;4.46;4.38
190579393;SMP;1;4.42;4.42
190596160;SMP;1;4.48;4.34
190612761;SMP;1;4.50;4.10
190629286;SMP;1;4.56;4.22
190645896;SMP;1;4.46;4.20
190662383;SMP;1;4.48;4.18
190679613;SMP;1;4.60;4.22
190696027;SMP;1;4.56;4.24
190712345;SMP;1;4.46;4.26
190729028;SMP;1;4.54;4.24
190745951;SMP;1;4.54;4.24
190761976;SMP;1;4.52;4.26
190778644;SMP;1;4.56;4.24
190795278;SMP;1;4.60;4.22
190812020;SMP;1;4.58;4.24
190828877;SMP;1;4.58;4.24
190845029;SMP;1;4.52;4.24
190861919;SMP;1;4.54;4.34
190878722;SMP;1;4.58;4.32
190894866;SMP;1;4.58;4.34
190911281;SMP;1;4.58;4.34
190928256;SMP;1;4.60;4.36
190944617;SMP;1;4.58;4.34
190961232;SMP;1;4.58;4.30
190978246;SMP;1;4.58;4.42
190994257;SMP;1;4.54;4.42
191011126;SMP;1;4.54;4.48
191027701;SMP;1;4.52;4.46
191044094;SMP;1;4.52;4.44
191060685;SMP;1;4.48;4.50
191077531;SMP;1;4.48;4.44
191093868;SMP;1;4.48;4.46
191110618;SMP;1;4.48;4.44
191127239;SMP;1;4.50;4.46
191143957;SMP;1;4.46;4.42
191160414;SMP;1;4.52;4.42
191177405;SMP;1;4.46;4.40
191193597;SMP;1;4.48;4.36
191210467;SMP;1;4.44;4.34
191226745;SMP;1;4.52;4.26
191243373;SMP;1;4.46;4.28
191260071;SMP;1;4.50;4.36
191276558;SMP;1;4.48;4.30
191293800;SMP;1;4.50;4.32
191309757;SMP;1;4.54;4.38
191326395;SMP;1;4.48;4.34
191342759;SMP;1;4.52;4.30
191359365;SMP;1;4.52;4.30
191376412;SMP;1;4.44;4.32
191392609;SMP;1;4.50;4.32
191409220;SMP;1;4.48;4.42
191425906;SMP;1;4.48;4.42
191442549;SMP;1;4.46;4.42
191458991;SMP;1;4.50;4.42
191475518;SMP;1;4.48;4.42
191492114;SMP;1;4.48;4.42
191508759;SMP;1;4.50;4.42
191525351;SMP;1;4.48;4.42
191542032;SMP;1;4.50;4.44
191558635;SMP;1;4.48;4.44
191575364;SMP;1;4.50;4.44
191591753;SMP;1;4.48;4.40
191608689;SMP;1;4.52;4.42
191624920;SMP;1;4.48;4.40
191641800;SMP;1;4.46;4.42
191658390;SMP;1;4.52;4.40
191675114;SMP;1;4.50;4.42
191691403;SMP;1;4.52;4.40
191708150;SMP;1;4.52;4.42
191724777;SMP;1;4.50;4.40
191741376;SMP;1;4.48;4.42
191758057;SMP;1;4.52;4.44
191774859;SMP;1;4.48;4.40
191791183;SMP;1;4.52;4.42
191807614;SMP;1;4.52;4.40
191824295;SMP;1;4.52;4.40
191841033;SMP;1;4.48;4.44
191857389;SMP;1;4.48;4.42
191873995;SMP;1;4.54;4.42
191890533;SMP;1;4.50;4.46
191907411;SMP;1;4.52;4.42
191923911;SMP;1;4.54;4.40
191940364;SMP;1;4.56;4.42
191957131;SMP;1;4.54;4.40
191973378;SMP;1;4.54;4.44
191990164;SMP;1;4.56;4.48
192006899;SMP;1;4.52;4.44
192023632;SMP;1;4.50;4.46
192040377;SMP;1;4.58;4.46
192056541;SMP;1;4.58;4.44
192073378;SMP;1;4.58;4.38
192089743;SMP;1;4.56;4.46
192106294;SMP;1;4.54;4.50
192123125;SMP;1;4.56;4.52
192139782;SMP;1;4.58;4.46
192156591;SMP;1;4.58;4.48
192172834;SMP;1;4.56;4.46
192189408;SMP;1;4.56;4.48
192206025;SMP;1;4.58;4.48
192222456;SMP;1;4.58;4.50
192239344;SMP;1;4.58;4.48
192255676;SMP;1;4.60;4.44
192272324;SMP;1;4.60;4.46
192289233;SMP;1;4.58;4.56
192305572;SMP;1;4.56;4.50
192322073;SMP;1;4.58;4.42
192339093;SMP;1;4.62;4.42
192355614;SMP;1;4.58;4.42
192371888;SMP;1;4.60;4.44
192388446;SMP;1;4.62;4.46
192405151;SMP;1;4.62;4.48
192422026;SMP;1;4.60;4.46
192438629;SMP;1;4.62;4.48
192454933;SMP;1;4.64;4.48
192471874;SMP;1;4.54;4.52
192488014;SMP;1;4.64;4.48
192504626;SMP;1;4.64;4.50
192521807;SMP;1;4.64;4.52
192537932;SMP;1;4.64;4.54
192554398;SMP;1;4.64;4.42
192571016;SMP;1;4.62;4.50
192587678;SMP;1;4.62;4.50
192604544;SMP;1;4.64;4.48
192620652;SMP;1;4.60;4.48
192637835;SMP;1;4.64;4.44
192654038;SMP;1;4.62;4.46
192670760;SMP;1;4.64;4.44
192687698;SMP;1;4.60;4.46
192704217;SMP;1;4.62;4.42
192720287;SMP;1;4.60;4.46
192737080;SMP;1;4.64;4.42
192753678;SMP;1;4.58;4.42
192770153;SMP;1;4.62;4.46
192786893;SMP;1;4.64;4.44
192803497;SMP;1;4.62;4.50
192819770;SMP;1;4.66;4.52
192837226;SMP;1;4.66;4.48
192853020;SMP;1;4.66;4.58
192870150;SMP;1;4.62;4.62
192886569;SMP;1;4.60;4.56
192902956;SMP;1;4.64;4.58
192919549;SMP;1;4.64;4.50
192936463;SMP;1;4.64;4.44
192952980;SMP;1;4.62;4.50
192969415;SMP;1;4.64;4.48
192985738;SMP;1;4.66;4.48
193002380;SMP;1;4.64;4.56
193018986;SMP;1;4.66;4.50
193035650;SMP;1;4.64;4.44
193052326;SMP;1;4.66;4.52
193069011;SMP;1;4.64;4.50
193085416;SMP;1;4.62;4.52
193102013;SMP;1;4.62;4.48
193119082;SMP;1;4.66;4.48
193135250;SMP;1;4.64;4.52
193152002;SMP;1;4.64;4.50
193168380;SMP;1;4.60;4.52
193185119;SMP;1;4.60;4.50
193201485;SMP;1;4.60;4.48
193218029;SMP;1;4.62;4.52
193234773;SMP;1;4.60;4.48
193251426;SMP;1;4.62;4.52
193284607;SMP;1;4.64;4.54
193301001;SMP;1;4.64;4.56
193317903;SMP;1;4.64;4.56
193351299;SMP;1;4.58;4.54
193367539;SMP;1;4.56;4.54
193384172;SMP;1;4.60;4.56
193400744;SMP;1;4.60;4.54
193417507;SMP;1;4.62;4.56
193434103;SMP;1;4.58;4.54
193467210;SMP;1;4.64;4.56
193484115;SMP;1;4.58;4.56
193500754;SMP;1;4.58;4.54
193517181;SMP;1;4.60;4.56
193533765;SMP;1;4.60;4.56
193550324;SMP;1;4.58;4.56
193566666;SMP;1;4.62;4.56
193583271;SMP;1;4.60;4.52
193600156;SMP;1;4.64;4.54
193616594;SMP;1;4.62;4.54
193633375;SMP;1;4.58;4.58
193649899;SMP;1;4.60;4.60
193666396;SMP;1;4.58;4.56
193683180;SMP;1;4.62;4.54
193699960;SMP;1;4.62;4.58
193716199;SMP;1;4.58;4.54
193732745;SMP;1;4.62;4.58
193749504;SMP;1;4.58;4.56
193765981;SMP;1;4.60;4.56
193782326;SMP;1;4.64;4.50
193799498;SMP;1;4.62;4.60
193815607;SMP;1;4.58;4.46
193832169;SMP;1;4.74;4.36
193849349;SMP;1;4.80;4.36
193865408;SMP;1;4.82;4.36
193882125;SMP;1;4.82;4.38
193898776;SMP;1;4.84;4.38
193915143;SMP;1;4.82;4.42
193931641;SMP;1;4.80;4.36
193948234;SMP;1;4.80;4.42
193964854;SMP;1;4.86;4.42
193981476;SMP;1;4.84;4.42
193998009;SMP;1;4.84;4.42
194014623;SMP;1;4.86;4.42
194031244;SMP;1;4.86;4.42
194047847;SMP;1;4.84;4.46
194064410;SMP;1;4.86;4.40
194081457;SMP;1;4.84;4.42
194097915;SMP;1;4.84;4.42
194115088;SMP;1;4.86;4.42
194131153;SMP;1;4.86;4.44
194147673;SMP;1;4.86;4.44
194180942;SMP;1;4.82;4.42
194197445;SMP;1;4.84;4.42
194213914;SMP;1;4.78;4.42
194230407;SMP;1;4.78;4.40
194247562;SMP;1;4.80;4.44
194263878;SMP;1;4.82;4.40
194280506;SMP;1;4.86;4.40
194297016;SMP;1;4.64;4.40
194313551;SMP;1;4.78;4.48
194330255;SMP;1;4.80;4.60
194346851;SMP;1;4.76;4.52
194363444;SMP;1;4.76;4.58
194380031;SMP;1;4.80;4.60
194396956;SMP;1;4.82;4.62
194413432;SMP;1;4.82;4.62
194430108;SMP;1;4.78;4.64
194446273;SMP;1;4.78;4.64
194462818;SMP;1;4.84;4.56
194479664;SMP;1;4.84;4.58
194495884;SMP;1;4.80;4.58
194512994;SMP;1;4.80;4.58
194529396;SMP;1;4.80;4.58
194545741;SMP;1;4.82;4.64
194562322;SMP;1;4.84;4.64
194579262;SMP;1;4.88;4.64
194595668;SMP;1;4.84;4.60
194612414;SMP;1;4.82;4.64
194628648;SMP;1;4.84;4.58
194645280;SMP;1;4.82;4.60
194662024;SMP;1;4.94;4.58
194678624;SMP;1;4.82;4.54
194695169;SMP;1;4.82;4.52
194712101;SMP;1;4.76;4.52
194728410;SMP;1;4.78;4.52
194745191;SMP;1;4.80;4.56
194761637;SMP;1;4.90;4.60
194778164;SMP;1;4.90;4.54
194794949;SMP;1;4.82;4.56
194811848;SMP;1;4.80;4.54
194828493;SMP;1;4.84;4.56
194844725;SMP;1;4.82;4.56
194861241;SMP;1;4.82;4.56
194877920;SMP;1;4.82;4.54
194894161;SMP;1;4.80;4.56
194911114;SMP;1;4.78;4.56
194927385;SMP;1;4.78;4.58
194944282;SMP;1;4.78;4.56
194960832;SMP;1;4.82;4.56
194977285;SMP;1;4.78;4.54
194994082;SMP;1;4.78;4.58
195010379;SMP;1;4.76;4.56
195027012;SMP;1;4.84;4.58
195043899;SMP;1;4.80;4.60
195060271;SMP;1;4.76;4.58
195077050;SMP;1;4.80;4.58
195093669;SMP;1;4.76;4.56
195110271;SMP;1;4.80;4.58
195126641;SMP;1;4.82;4.62
195143284;SMP;1;4.76;4.56
195159875;SMP;1;4.76;4.58
195176424;SMP;1;4.70;4.54
195193482;SMP;1;4.70;4.58
195209955;SMP;1;4.72;4.58
195226136;SMP;1;4.84;4.56
195242721;SMP;1;4.80;4.54
195259401;SMP;1;4.90;4.58
195276158;SMP;1;4.82;4.48
195292821;SMP;1;4.88;4.50
195309481;SMP;1;4.84;4.54
195325647;SMP;1;4.84;4.60
195342280;SMP;1;4.84;4.60
195358880;SMP;1;4.82;4.50
195375626;SMP;1;4.86;4.58
195392299;SMP;1;4.86;4.46
195409008;SMP;1;4.78;4.56
195425420;SMP;1;4.84;4.50
195442139;SMP;1;4.82;4.56
195459092;SMP;1;4.80;4.52
195475152;SMP;1;4.78;4.44
195491800;SMP;1;4.78;4.56
195508389;SMP;1;4.76;4.48
195524848;SMP;1;4.76;4.56
195541980;SMP;1;4.76;4.52
195558533;SMP;1;4.70;4.52
195574894;SMP;1;4.74;4.58
195591773;SMP;1;4.70;4.46
195607913;SMP;1;4.70;4.56
195624960;SMP;1;4.72;4.62
195641265;SMP;1;4.68;4.58
195657734;SMP;1;4.66;4.54
195674400;SMP;1;4.72;4.58
195690786;SMP;1;4.72;4.54
195707565;SMP;1;4.68;4.56
195724156;SMP;1;4.68;4.56
195740587;SMP;1;4.76;4.56
195757292;SMP;1;4.70;4.58
195773915;SMP;1;4.74;4.58
195790521;SMP;1;4.70;4.62
195806988;SMP;1;4.76;4.58
195823797;SMP;1;4.74;4.56
195840280;SMP;1;4.74;4.56
195856838;SMP;1;4.70;4.60
195873634;SMP;1;4.70;4.58
195890683;SMP;1;4.80;4.58
195906663;SMP;1;4.70;4.60
195923127;SMP;1;4.80;4.62
195939866;SMP;1;4.78;4.62
195956722;SMP;1;4.78;4.58
195973043;SMP;1;4.80;4.58
195989686;SMP;1;4.78;4.56
196006364;SMP;1;4.80;4.58
196022883;SMP;1;4.76;4.62
196039609;SMP;1;4.80;4.62
196056506;SMP;1;4.78;4.62
196072773;SMP;1;4.80;4.64
196089393;SMP;1;4.86;4.68
196105793;SMP;1;4.86;4.68
196122493;SMP;1;4.84;4.66
196139259;SMP;1;4.82;4.68
196155697;SMP;1;4.88;4.64
196172010;SMP;1;4.80;4.72
196188612;SMP;1;4.94;4.76
196205420;SMP;1;4.98;4.84
196221861;SMP;1;5.18;5.04
196239002;SMP;1;0.00;3.88
196255147;SMP;1;0.00;0.00
196271975;SMP;1;0.00;0.00
196288723;SMP;1;3.44;0.00
196305277;SMP;1;3.92;3.84
196321776;SMP;1;5.18;4.92
196338331;SMP;1;5.06;4.80
196354753;SMP;1;4.84;4.72
196371415;SMP;1;4.80;4.66
196388034;SMP;1;4.76;4.60
196404815;SMP;1;4.76;4.56
196421133;SMP;1;4.72;4.50
196438033;SMP;1;4.60;4.40
196454144;SMP;1;4.56;4.36
196470920;SMP;1;4.52;4.30
196487367;SMP;1;4.40;4.22
196504346;SMP;1;4.34;4.18
196520963;SMP;1;4.30;4.14
196537148;SMP;1;4.30;4.04
196553974;SMP;1;4.20;4.02
196570357;SMP;1;4.14;4.00
196587401;SMP;1;4.06;4.00
196603655;SMP;1;4.06;3.84
196620309;SMP;1;4.02;3.80
196636868;SMP;1;4.00;3.82
196653370;SMP;1;3.98;3.72
196669985;SMP;1;3.94;3.76
196686798;SMP;1;3.88;3.62
196703111;SMP;1;3.82;3.62
196719981;SMP;1;3.82;3.60
196736540;SMP;1;3.80;3.58
196753176;SMP;1;3.80;3.58
196769674;SMP;1;3.78;3.58
196786115;SMP;1;3.76;3.54
196802640;SMP;1;3.72;3.52
196819399;SMP;1;3.70;3.48
196836021;SMP;1;3.64;3.42
196852510;SMP;1;3.64;3.40
196869199;SMP;1;3.60;3.42
196885643;SMP;1;3.60;3.40
196902384;SMP;1;3.60;3.42
196918845;SMP;1;3.60;3.40
196935919;SMP;1;3.58;3.36
196952554;SMP;1;3.58;3.30
196968671;SMP;1;3.56;3.28
196985432;SMP;1;3.54;3.32
197001987;SMP;1;3.58;3.32
197018660;SMP;1;3.48;3.28
197035399;SMP;1;3.48;3.26
197052222;SMP;1;3.50;3.22
197068494;SMP;1;3.42;3.26
197084988;SMP;1;3.44;3.26
197101935;SMP;1;3.48;3.26
197118286;SMP;1;3.48;3.26
197135026;SMP;1;3.48;3.24
197151550;SMP;1;3.44;3.24
197168035;SMP;1;3.50;3.24
197184704;SMP;1;3.52;3.30
197201382;SMP;1;3.46;3.32
197234410;SMP;1;3.56;3.30
197250780;SMP;1;3.56;3.32
197267786;SMP;1;3.60;3.28
197284314;SMP;1;3.60;3.36
197300750;SMP;1;3.60;3.36
197334016;SMP;1;3.64;3.38
197350348;SMP;1;3.62;3.38
197367174;SMP;1;3.62;3.42
197383530;SMP;1;3.62;3.40
197400256;SMP;1;3.74;3.40
197417156;SMP;1;3.72;3.42
197450484;SMP;1;3.76;3.42
197466771;SMP;1;3.80;3.52
197483390;SMP;1;3.80;3.54
197499677;SMP;1;3.80;3.50
197516347;SMP;1;3.82;3.58
197533043;SMP;1;3.80;3.58
197550061;SMP;1;3.88;3.60
197566466;SMP;1;3.84;3.60
197582783;SMP;1;3.88;3.60
197599379;SMP;1;3.94;3.62
197615895;SMP;1;3.92;3.62
197632824;SMP;1;3.94;3.62
197649011;SMP;1;3.94;3.64
197665662;SMP;1;3.96;3.74
197682229;SMP;1;3.98;3.72
197699018;SMP;1;4.00;3.72
197715397;SMP;1;4.02;3.76
197731999;SMP;1;4.04;3.72
197748606;SMP;1;4.02;3.74
197765228;SMP;1;4.00;3.76
197781913;SMP;1;4.04;3.74
197798398;SMP;1;4.02;3.78
197815081;SMP;1;4.06;3.78
197831863;SMP;1;4.08;3.78
197848232;SMP;1;4.02;3.80
197864753;SMP;1;4.08;3.82
197881554;SMP;1;4.14;3.80
197897975;SMP;1;4.14;3.90
197914604;SMP;1;4.10;3.80
197931128;SMP;1;4.10;3.86
197947805;SMP;1;4.14;3.96
197964544;SMP;1;4.12;3.82
197980978;SMP;1;4.14;3.98
197997512;SMP;1;4.12;3.88
198014256;SMP;1;4.16;3.98
198030959;SMP;1;4.16;3.90
198047801;SMP;1;4.18;3.92
198064172;SMP;1;4.16;3.94
198080899;SMP;1;4.14;3.94
198097122;SMP;1;4.18;3.96
198114026;SMP;1;4.18;3.98
198130651;SMP;1;4.16;4.00
198147704;SMP;1;4.14;3.96
198163792;SMP;1;4.18;3.96
198180409;SMP;1;4.14;3.92
198196926;SMP;1;4.26;3.94
198213392;SMP;1;4.24;3.90
198229958;SMP;1;4.20;4.00
198246816;SMP;1;4.22;3.98
198263411;SMP;1;4.20;4.00
198279638;SMP;1;4.18;3.98
198296264;SMP;1;4.20;4.00
198313002;SMP;1;4.20;4.00
198330234;SMP;1;4.20;3.96
198346391;SMP;1;4.18;4.00
198362632;SMP;1;4.18;4.00
198379548;SMP;1;4.18;4.00
198396190;SMP;1;4.20;4.00
198412419;SMP;1;4.22;4.00
198429119;SMP;1;4.24;4.00
198445799;SMP;1;4.24;4.00
198462400;SMP;1;4.26;4.00
198478992;SMP;1;4.28;4.02
198495609;SMP;1;4.24;4.00
198512139;SMP;1;4.20;4.04
198528585;SMP;1;4.24;4.02
198545425;SMP;1;4.20;4.02
198561902;SMP;1;4.20;4.00
198578661;SMP;1;4.26;4.02
198595188;SMP;1;4.22;4.04
198611752;SMP;1;4.30;4.00
198628285;SMP;1;4.28;4.02
198644732;SMP;1;4.22;4.08
198661543;SMP;1;4.28;4.02
198678184;SMP;1;4.30;4.12
198694662;SMP;1;4.32;4.14
198711155;SMP;1;4.36;4.08
198728085;SMP;1;4.28;4.10
198744608;SMP;1;4.30;4.10
198761348;SMP;1;4.32;4.12
198777798;SMP;1;4.30;4.12
198794418;SMP;1;4.28;4.12
198810971;SMP;1;4.36;4.14
198827343;SMP;1;4.32;4.16
198844428;SMP;1;4.34;4.16
198860698;SMP;1;4.36;4.14
198877692;SMP;1;4.40;4.18
198893864;SMP;1;4.42;4.14
198910628;SMP;1;4.38;4.16
198926959;SMP;1;4.34;4.14
198943493;SMP;1;4.38;4.18
198960095;SMP;1;4.38;4.14
198976624;SMP;1;4.32;4.18
198993243;SMP;1;4.34;4.18
199009861;SMP;1;4.30;4.18
199026471;SMP;1;4.32;4.20
199043037;SMP;1;4.36;4.18
199059611;SMP;1;4.32;4.20
199076677;SMP;1;4.38;4.22
199092919;SMP;1;4.34;4.22
199110085;SMP;1;4.30;4.20
199125997;SMP;1;4.30;4.16
199142773;SMP;1;4.34;4.20
199159240;SMP;1;4.26;4.22
199175982;SMP;1;4.36;4.20
199192511;SMP;1;4.32;4.20
199209137;SMP;1;4.36;4.20
199226086;SMP;1;4.38;4.20
199242366;SMP;1;4.40;4.20
199258919;SMP;1;4.34;4.20
199275578;SMP;1;4.30;4.18
199292149;SMP;1;4.36;4.20
199308745;SMP;1;4.38;4.20
199325302;SMP;1;4.40;4.18
199341779;SMP;1;4.32;4.18
199358507;SMP;1;4.38;4.22
199375137;SMP;1;4.40;4.22
199391702;SMP;1;4.40;4.20
199408167;SMP;1;4.38;4.18
199425250;SMP;1;4.38;4.20
199441792;SMP;1;4.40;4.18
199458382;SMP;1;4.32;4.20
199474672;SMP;1;4.32;4.20
199491276;SMP;1;4.34;4.20
199508002;SMP;1;4.56;4.22
199524836;SMP;1;4.56;4.24
199541333;SMP;1;4.50;4.20
199557515;SMP;1;4.46;4.18
199574600;SMP;1;4.42;4.20
199590730;SMP;1;4.44;4.20
199607725;SMP;1;4.42;4.22
199623873;SMP;1;4.46;4.22
199640922;SMP;1;4.48;4.22
199657109;SMP;1;4.48;4.26
199673644;SMP;1;4.46;4.26
199690403;SMP;1;4.46;4.30
199707178;SMP;1;4.50;4.20
199723756;SMP;1;4.48;4.30
199740682;SMP;1;4.52;4.26
199756918;SMP;1;4.46;4.24
199773552;SMP;1;4.48;4.28
199789859;SMP;1;4.48;4.30
199806506;SMP;1;4.50;4.28
199823016;SMP;1;4.52;4.30
199839640;SMP;1;4.46;4.30
199856685;SMP;1;4.52;4.26
199872845;SMP;1;4.50;4.32
199889555;SMP;1;4.46;4.32
199906229;SMP;1;4.46;4.26
199922637;SMP;1;4.46;4.34
199939671;SMP;1;4.54;4.32
199955928;SMP;1;4.52;4.34
199972990;SMP;1;4.50;4.38
199989323;SMP;1;4.52;4.36
200005944;SMP;1;4.52;4.36
200022394;SMP;1;4.48;4.38
200038925;SMP;1;4.52;4.36
200055528;SMP;1;4.50;4.34
200072120;SMP;1;4.46;4.36
200088690;SMP;1;4.54;4.36
200105147;SMP;1;4.52;4.34
200121828;SMP;1;4.46;4.32
200138367;SMP;1;4.50;4.34
200155074;SMP;1;4.50;4.36
200171526;SMP;1;4.52;4.36
200188162;SMP;1;4.50;4.36
200204911;SMP;1;4.60;4.32
200221367;SMP;1;4.58;4.32
200237961;SMP;1;4.52;4.36
200254537;SMP;1;4.50;4.30
200271133;SMP;1;4.52;4.36
200287903;SMP;1;4.62;4.32
200304403;SMP;1;4.56;4.34
200320953;SMP;1;4.52;4.32
200337524;SMP;1;4.54;4.36
200354182;SMP;1;4.44;4.38
200370758;SMP;1;4.56;4.38
200387432;SMP;1;4.52;4.34
200404037;SMP;1;4.50;4.40
200420579;SMP;1;4.70;4.46
200437194;SMP;1;0.00;0.00
200453705;SMP;1;0.00;0.00
200470417;SMP;1;0.00;0.00
200487011;SMP;1;0.00;0.00
200503510;SMP;1;2.90;0.00
200520028;SMP;1;3.98;3.74
200536794;SMP;1;4.78;4.34
200553259;SMP;1;4.68;4.40
200569861;SMP;1;4.60;4.40
200586400;SMP;1;4.48;4.36
200603151;SMP;1;4.52;4.36
200619629;SMP;1;4.56;4.38
200636690;SMP;1;4.54;4.36
200653421;SMP;1;4.60;4.38
200669534;SMP;1;4.56;4.40
200686051;SMP;1;4.54;4.40
200702613;SMP;1;4.62;4.42
200719159;SMP;1;4.58;4.66
200735924;SMP;1;0.00;0.00
200752611;SMP;1;0.00;0.00
200769203;SMP;1;0.00;0.00
200786011;SMP;1;0.00;0.00
200802136;SMP;1;0.00;0.00
200819095;SMP;1;2.24;0.00
200835516;SMP;1;0.00;0.00
200852010;SMP;1;5.02;4.06
200868644;SMP;1;4.72;4.52
200885288;SMP;1;4.70;4.46
200901758;SMP;1;4.54;4.36
200918558;SMP;1;4.50;4.40
200935314;SMP;1;4.60;4.44
200951659;SMP;1;4.62;4.42
200968721;SMP;1;4.68;4.40
200985039;SMP;1;4.62;4.38
201001707;SMP;1;4.66;4.44
201018777;SMP;1;4.70;4.44
201034923;SMP;1;4.68;4.52
201051432;SMP;1;4.62;4.46
201084655;SMP;1;4.62;4.48
201117639;SMP;1;4.64;4.52
201134102;SMP;1;4.68;4.52
201150800;SMP;1;4.64;4.58
201184171;SMP;1;4.66;4.56
201200470;SMP;1;4.64;4.56
201217170;SMP;1;4.68;4.58
201250407;SMP;1;4.64;4.56
201266885;SMP;1;4.54;4.40
201283412;SMP;1;4.72;4.40
201317425;SMP;1;4.60;4.40
201333405;SMP;1;4.46;4.36
201350286;SMP;1;4.58;4.44
201366387;SMP;1;4.62;4.44
201383304;SMP;1;4.56;4.38
201400039;SMP;1;4.56;4.40
201416358;SMP;1;4.62;4.36
201432893;SMP;1;4.50;4.40
201449619;SMP;1;4.56;4.38
201466418;SMP;1;4.64;4.36
201482775;SMP;1;4.64;4.34
201499577;SMP;1;4.44;4.36
201515894;SMP;1;4.54;4.38
201532470;SMP;1;4.56;4.38
201549397;SMP;1;4.66;4.34
201565527;SMP;1;4.60;4.40
201582164;SMP;1;4.54;4.38
201599149;SMP;1;4.48;4.38
201615736;SMP;1;4.58;4.40
201632118;SMP;1;4.58;4.38
201648543;SMP;1;4.58;4.40
201665321;SMP;1;4.58;4.38
201682121;SMP;1;4.52;4.40
201698289;SMP;1;4.52;4.38
201714918;SMP;1;4.58;4.40
201731667;SMP;1;4.54;4.40
201748155;SMP;1;4.58;4.40
201764667;SMP;1;4.52;4.40
201781548;SMP;1;4.52;4.40
201797906;SMP;1;4.52;4.40
201814685;SMP;1;4.58;4.40
201831502;SMP;1;4.54;4.42
201847660;SMP;1;4.60;4.42
201864488;SMP;1;4.56;4.40
201880866;SMP;1;4.50;4.42
201897491;SMP;1;4.56;4.40
201914378;SMP;1;4.60;4.42
201931042;SMP;1;4.52;4.42
201947478;SMP;1;4.56;4.42
201964757;SMP;1;4.58;4.42
201980468;SMP;1;4.56;4.42
201997004;SMP;1;4.56;4.48
202013646;SMP;1;4.66;4.42
202030261;SMP;1;4.58;4.42
202046890;SMP;1;4.58;4.40
202063468;SMP;1;4.60;4.50
202079997;SMP;1;4.60;4.40
202096614;SMP;1;4.66;4.50
202113382;SMP;1;4.60;4.40
202129819;SMP;1;4.64;4.46
202146526;SMP;1;4.68;4.52
202162999;SMP;1;4.64;4.42
202179618;SMP;1;4.62;4.40
202196505;SMP;1;4.64;4.48
202212768;SMP;1;4.62;4.42
202229406;SMP;1;4.64;4.56
202246298;SMP;1;4.66;4.48
202262615;SMP;1;4.66;4.50
202279181;SMP;1;4.64;4.50
202295813;SMP;1;4.70;4.50
202312596;SMP;1;4.62;4.52
202329071;SMP;1;4.62;4.54
202345668;SMP;1;4.72;4.52
202362210;SMP;1;4.66;4.54
202379165;SMP;1;4.66;4.54
202395509;SMP;1;4.66;4.54
202412217;SMP;1;4.68;4.56
202428575;SMP;1;4.66;4.58
202445279;SMP;1;4.72;4.56
202461800;SMP;1;4.68;4.58
202478481;SMP;1;4.74;4.56
202494885;SMP;1;4.76;4.52
202511664;SMP;1;4.68;4.56
202529008;SMP;1;4.70;4.58
202545135;SMP;1;4.72;4.56
202561569;SMP;1;4.66;4.60
202578075;SMP;1;4.72;4.54
202595686;SMP;1;4.62;4.56
202611545;SMP;1;4.62;4.56
202627637;SMP;1;4.80;4.60
202644792;SMP;1;4.64;4.58
202660860;SMP;1;4.64;4.56
202677850;SMP;1;4.72;4.58
202694707;SMP;1;4.74;4.52
202711029;SMP;1;4.76;4.56
202727299;SMP;1;4.76;4.60
202743939;SMP;1;4.72;4.58
202760709;SMP;1;4.78;4.58
202777018;SMP;1;4.82;4.60
202793708;SMP;1;4.80;4.62
202810440;SMP;1;4.68;4.58
202826792;SMP;1;4.74;4.58
202843552;SMP;1;4.84;4.54
202860082;SMP;1;4.74;4.60
202876599;SMP;1;4.72;4.62
202893247;SMP;1;4.68;4.62
202910183;SMP;1;4.68;4.62
202926385;SMP;1;4.68;4.62
202942997;SMP;1;4.78;4.62
202959768;SMP;1;4.76;4.62
202976442;SMP;1;4.74;4.62
202992889;SMP;1;4.72;4.62
203009820;SMP;1;4.76;4.62
203026474;SMP;1;4.78;4.62
203042705;SMP;1;4.72;4.60
203059156;SMP;1;4.76;4.62
203075767;SMP;1;4.74;4.60
203092464;SMP;1;4.72;4.62
203108891;SMP;1;4.78;4.64
203125535;SMP;1;4.76;4.62
203142161;SMP;1;4.72;4.66
203158733;SMP;1;4.76;4.68
203175860;SMP;1;4.82;4.66
203192089;SMP;1;4.82;4.60
203208893;SMP;1;4.82;4.64
203225553;SMP;1;4.90;4.62
203242148;SMP;1;4.96;4.64
203258420;SMP;1;5.00;4.64
203274883;SMP;1;4.88;4.64
203291627;SMP;1;4.86;4.64
203308627;SMP;1;4.98;4.64
203324663;SMP;1;4.82;4.64
203341670;SMP;1;4.96;4.66
203358038;SMP;1;4.80;4.64
203374668;SMP;1;4.88;4.64
203391023;SMP;1;5.04;4.66
203407819;SMP;1;4.96;4.64
203424582;SMP;1;4.94;4.66
203441272;SMP;1;4.94;4.70
203457561;SMP;1;4.94;4.68
203474186;SMP;1;4.94;4.70
203490913;SMP;1;4.98;4.80
203507648;SMP;1;4.90;4.72
203523888;SMP;1;4.98;4.70
203540798;SMP;1;5.00;4.74
203557149;SMP;1;4.96;4.76
203574044;SMP;1;4.94;4.76
203590263;SMP;1;4.96;4.76
203607120;SMP;1;4.94;4.76
203623719;SMP;1;4.96;4.74
203640163;SMP;1;4.76;4.78
203656828;SMP;1;4.96;4.74
203673453;SMP;1;5.04;4.76
203689898;SMP;1;5.00;4.74
203706365;SMP;1;4.98;4.78
203723406;SMP;1;4.88;4.82
203739693;SMP;1;4.98;4.78
203757199;SMP;1;4.76;4.76
203772749;SMP;1;4.82;4.78
203789385;SMP;1;4.92;4.76
203806065;SMP;1;4.98;4.76
203822796;SMP;1;5.02;4.82
203839294;SMP;1;4.96;4.76
203855782;SMP;1;4.98;4.78
203872637;SMP;1;4.96;4.76
203888924;SMP;1;5.08;4.78
203905672;SMP;1;4.82;4.76
203922175;SMP;1;4.80;4.78
203938738;SMP;1;5.12;4.80
203955271;SMP;1;4.98;4.76
203971907;SMP;1;5.04;4.78
203988485;SMP;1;4.86;4.74
204005116;SMP;1;4.86;4.78
204021699;SMP;1;4.86;4.80
204038263;SMP;1;4.90;4.76
204054889;SMP;1;4.86;4.80
204071509;SMP;1;5.08;4.80
204088257;SMP;1;4.92;4.76
204104635;SMP;1;4.82;4.82
204121401;SMP;1;4.92;4.82
204137993;SMP;1;4.94;4.80
204154543;SMP;1;4.86;4.80
204171006;SMP;1;4.96;4.80
204187632;SMP;1;4.84;4.82
204204760;SMP;1;4.78;4.82
204220868;SMP;1;4.94;4.80
204237400;SMP;1;4.82;4.82
204254250;SMP;1;4.92;4.80
204270783;SMP;1;4.88;4.80
204287392;SMP;1;4.76;4.82
204304180;SMP;1;4.92;4.80
204320446;SMP;1;5.02;4.76
204337140;SMP;1;5.08;4.78
204353854;SMP;1;4.96;4.76
204370304;SMP;1;4.88;4.74
204387166;SMP;1;4.86;4.78
204403774;SMP;1;4.74;4.74
204420398;SMP;1;4.92;4.76
204436573;SMP;1;5.02;4.78
204453130;SMP;1;4.72;4.80
204469918;SMP;1;4.96;4.78
204486519;SMP;1;4.92;4.76
204503130;SMP;1;4.76;4.80
204519660;SMP;1;4.88;4.78
204536633;SMP;1;4.88;4.82
204552992;SMP;1;4.82;4.80
204569430;SMP;1;4.76;4.76
204585898;SMP;1;5.12;4.80
204602783;SMP;1;4.90;4.80
204619558;SMP;1;4.96;4.82
204636153;SMP;1;4.68;4.82
204652433;SMP;1;4.66;4.82
204669193;SMP;1;4.82;4.82
204685667;SMP;1;4.82;4.86
204702340;SMP;1;5.00;4.84
204718827;SMP;1;4.90;4.82
204735687;SMP;1;4.84;4.80
204752060;SMP;1;4.86;4.84
204768571;SMP;1;5.08;4.82
204785296;SMP;1;4.94;4.80
204801789;SMP;1;4.88;4.82
204818555;SMP;1;4.74;4.80
204835277;SMP;1;4.98;4.86
204851629;SMP;1;4.96;4.82
204868405;SMP;1;4.86;4.80
204884778;SMP;1;4.90;4.82
204901265;SMP;1;4.92;4.82
204917865;SMP;1;4.94;4.82
204934619;SMP;1;5.00;4.80
204950990;SMP;1;4.76;4.84
204968074;SMP;1;5.04;4.74
205000835;SMP;1;4.94;4.74
205017381;SMP;1;4.96;4.72
205034459;SMP;1;4.92;4.70
205050931;SMP;1;4.88;4.74
205067410;SMP;1;4.86;4.72
205084019;SMP;1;5.06;4.72
205117418;SMP;1;5.04;4.72
205133613;SMP;1;5.08;4.76
205150167;SMP;1;5.02;4.74
205166772;SMP;1;5.00;4.74
205183751;SMP;1;4.94;4.70
205200149;SMP;1;5.02;4.78
205216503;SMP;1;4.90;4.74
205233554;SMP;1;5.00;4.76
205249922;SMP;1;4.92;4.84
205266501;SMP;1;4.86;4.80
205283307;SMP;1;4.80;4.84
205299965;SMP;1;4.88;4.82
205316131;SMP;1;4.98;4.84
205333068;SMP;1;5.14;4.82
205349448;SMP;1;4.92;4.86
205366337;SMP;1;4.92;4.84
205382670;SMP;1;4.74;4.84
205399118;SMP;1;5.10;4.82
205415735;SMP;1;5.20;4.86
205432505;SMP;1;5.20;4.82
205449170;SMP;1;5.06;4.86
205465476;SMP;1;4.96;4.88
205482120;SMP;1;4.94;4.86
205499032;SMP;1;5.00;4.88
205515348;SMP;1;4.96;4.84
205532227;SMP;1;4.96;4.84
205548464;SMP;1;5.04;4.86
205565339;SMP;1;5.02;4.84
205581718;SMP;1;4.98;4.84
205598250;SMP;1;4.78;4.88
205614896;SMP;1;4.86;4.88
205631778;SMP;1;4.90;4.86
205648262;SMP;1;5.12;4.90
205664956;SMP;1;5.12;4.88
205681517;SMP;1;5.02;4.90
205698031;SMP;1;5.10;4.90
205714397;SMP;1;5.06;4.90
205731152;SMP;1;4.94;4.88
205747766;SMP;1;5.02;4.90
205764170;SMP;1;5.00;4.84
205780996;SMP;1;5.02;4.88
205797447;SMP;1;5.06;4.84
205814194;SMP;1;4.94;4.86
205830766;SMP;1;4.84;4.84
205847336;SMP;1;4.94;4.90
205863910;SMP;1;5.18;4.88
205880601;SMP;1;5.04;4.88
205897274;SMP;1;5.00;4.88
205913690;SMP;1;4.96;4.88
205930299;SMP;1;5.10;4.90
205946911;SMP;1;5.04;4.84
205963502;SMP;1;5.16;4.96
205980143;SMP;1;5.06;4.84
205996529;SMP;1;4.80;4.88
206013269;SMP;1;5.02;4.90
206029949;SMP;1;4.96;4.88
206046511;SMP;1;5.00;4.86
206062895;SMP;1;5.16;4.80
206079525;SMP;1;4.88;4.86
206096409;SMP;1;5.04;4.86
206112886;SMP;1;5.06;4.86
206129474;SMP;1;5.12;4.88
206146301;SMP;1;5.10;4.84
206163209;SMP;1;5.14;4.86
206179498;SMP;1;5.06;4.84
206195651;SMP;1;5.10;4.88
206212476;SMP;1;5.02;4.84
206228867;SMP;1;4.82;4.94
206245894;SMP;1;4.90;4.92
206262022;SMP;1;4.82;4.96
206278658;SMP;1;5.06;4.96
206295248;SMP;1;4.82;4.92
206312091;SMP;1;4.98;4.90
206328465;SMP;1;4.92;4.92
206345410;SMP;1;4.98;4.92
206361813;SMP;1;5.12;4.90
206378390;SMP;1;4.88;4.94
206394929;SMP;1;5.02;4.90
206411780;SMP;1;4.92;4.96
206428436;SMP;1;4.92;4.94
206445029;SMP;1;5.04;4.94
206461302;SMP;1;5.00;4.92
206477784;SMP;1;4.94;4.88
206494394;SMP;1;4.96;4.92
206511143;SMP;1;4.88;4.90
206528417;SMP;1;4.98;4.90
206544620;SMP;1;5.00;4.88
206560908;SMP;1;4.96;4.88
206577600;SMP;1;4.98;4.88
206593979;SMP;1;4.90;4.86
206610996;SMP;1;4.94;4.90
206627293;SMP;1;5.02;4.90
206643764;SMP;1;4.88;4.86
206660898;SMP;1;4.86;4.86
206676962;SMP;1;4.94;4.86
206693684;SMP;1;4.98;4.88
206710135;SMP;1;4.90;4.86
206727077;SMP;1;4.98;4.88
206743784;SMP;1;4.98;4.88
206760056;SMP;1;4.98;4.90
206776490;SMP;1;4.98;4.86
206793153;SMP;1;4.92;4.86
206809909;SMP;1;4.88;4.88
206826427;SMP;1;4.90;4.86
206842906;SMP;1;5.02;4.90
206859690;SMP;1;4.98;4.84
206876408;SMP;1;4.96;4.82
206892798;SMP;1;4.92;4.90
206909595;SMP;1;5.00;4.86
206925874;SMP;1;5.04;4.92
206942694;SMP;1;5.02;4.82
206959274;SMP;1;4.94;4.86
206975633;SMP;1;4.88;4.80
206992412;SMP;1;4.80;4.78
207009287;SMP;1;4.80;4.64
207025624;SMP;1;4.74;4.60
207042307;SMP;1;4.66;4.58
207058637;SMP;1;4.58;4.48
207075393;SMP;1;4.52;4.40
207091848;SMP;1;4.42;4.36
207108616;SMP;1;4.40;4.28
207125382;SMP;1;4.28;4.22
207141667;SMP;1;4.24;4.20
207158233;SMP;1;4.20;4.12
207174778;SMP;1;4.16;4.02
207191960;SMP;1;4.08;3.96
207208053;SMP;1;4.00;3.82
207224636;SMP;1;3.98;3.82
207241232;SMP;1;3.98;3.78
207257777;SMP;1;3.92;3.70
207274796;SMP;1;3.80;3.64
207291157;SMP;1;3.80;3.62
207307763;SMP;1;3.80;3.52
207324415;SMP;1;3.76;3.42
207341246;SMP;1;3.68;3.44
207357579;SMP;1;3.64;3.40
207374271;SMP;1;3.60;3.40
207390725;SMP;1;3.60;3.34
207407260;SMP;1;3.56;3.38
207423754;SMP;1;3.56;3.34
207441022;SMP;1;3.58;3.28
207457310;SMP;1;3.46;3.22
207473623;SMP;1;3.42;3.24
207490791;SMP;1;3.42;3.24
207506885;SMP;1;3.42;3.20
207523654;SMP;1;3.40;3.18
207540414;SMP;1;3.38;3.18
207556901;SMP;1;3.38;3.14
207573402;SMP;1;3.38;3.08
207589881;SMP;1;3.34;3.16
207606541;SMP;1;3.32;3.08
207622872;SMP;1;3.30;3.04
207639689;SMP;1;3.28;3.04
207656311;SMP;1;3.28;3.04
207672628;SMP;1;3.24;3.06
207689496;SMP;1;3.24;3.04
207705876;SMP;1;3.22;3.02
207722488;SMP;1;3.24;3.00
207739176;SMP;1;3.24;3.02
207755708;SMP;1;3.22;3.02
207772535;SMP;1;3.22;3.02
207788856;SMP;1;3.22;3.02
207805428;SMP;1;3.22;3.04
207822016;SMP;1;3.22;3.02
207838620;SMP;1;3.24;3.02
207855233;SMP;1;3.24;3.02
207872120;SMP;1;3.24;3.04
207888411;SMP;1;3.26;3.00
207905396;SMP;1;3.24;3.04
207921611;SMP;1;3.26;3.04
207938564;SMP;1;3.32;3.06
207955334;SMP;1;3.36;3.04
207971798;SMP;1;3.36;3.02
207987991;SMP;1;3.38;3.08
208004809;SMP;1;3.40;3.12
208021739;SMP;1;3.40;3.10
208038153;SMP;1;3.40;3.16
208054850;SMP;1;3.42;3.18
208071304;SMP;1;3.42;3.20
208087643;SMP;1;3.44;3.18
208104359;SMP;1;3.46;3.22
208120884;SMP;1;3.52;3.22
208137513;SMP;1;3.58;3.20
208154029;SMP;1;3.60;3.22
208170920;SMP;1;3.58;3.22
208187317;SMP;1;3.60;3.24
208203734;SMP;1;3.60;3.24
208220471;SMP;1;3.62;3.36
208237297;SMP;1;3.60;3.32
208253522;SMP;1;3.62;3.40
208270515;SMP;1;3.60;3.38
208286723;SMP;1;3.68;3.40
208303416;SMP;1;3.76;3.40
208320389;SMP;1;3.72;3.42
208336878;SMP;1;3.76;3.46
208353113;SMP;1;3.78;3.44
208369812;SMP;1;3.80;3.46
208386419;SMP;1;3.80;3.60
208402905;SMP;1;3.78;3.54
208419920;SMP;1;3.78;3.52
208436204;SMP;1;3.78;3.56
208452631;SMP;1;3.82;3.52
208469682;SMP;1;3.84;3.56
208485877;SMP;1;3.82;3.56
208502725;SMP;1;3.86;3.58
208519715;SMP;1;3.82;3.58
208535630;SMP;1;3.82;3.58
208552391;SMP;1;3.88;3.60
208568857;SMP;1;3.84;3.58
208585377;SMP;1;3.86;3.60
208602446;SMP;1;3.82;3.62
208618619;SMP;1;3.86;3.62
208635403;SMP;1;3.86;3.62
208651956;SMP;1;3.90;3.64
208668880;SMP;1;3.88;3.64
208684990;SMP;1;3.92;3.62
208701816;SMP;1;3.90;3.70
208718150;SMP;1;3.88;3.62
208734756;SMP;1;3.86;3.68
208751456;SMP;1;3.94;3.66
208768116;SMP;1;3.90;3.70
208784665;SMP;1;3.92;3.68
208801121;SMP;1;3.92;3.72
208817930;SMP;1;3.92;3.76
208834386;SMP;1;3.90;3.76
208851172;SMP;1;3.98;3.72
208867792;SMP;1;3.92;3.72
208900874;SMP;1;3.96;3.74
208917590;SMP;1;4.00;3.76
208934326;SMP;1;3.98;3.80
208950510;SMP;1;3.96;3.78
208967113;SMP;1;4.00;3.76
208983996;SMP;1;4.00;3.78
209000424;SMP;1;4.04;3.80
209016868;SMP;1;4.06;3.80
209033535;SMP;1;4.06;3.82
209050099;SMP;1;4.04;3.80
209066661;SMP;1;4.06;3.82
209083445;SMP;1;4.06;3.80
209099875;SMP;1;4.06;3.82
209116600;SMP;1;4.08;3.84
209133270;SMP;1;4.10;3.82
209149652;SMP;1;4.14;3.82
209166248;SMP;1;4.12;3.82
209183025;SMP;1;4.14;3.82
209199491;SMP;1;4.06;3.82
209216166;SMP;1;4.14;3.80
209232911;SMP;1;4.16;3.82
209249412;SMP;1;4.16;3.82
209266016;SMP;1;4.16;3.84
209282557;SMP;1;4.08;3.82
209299161;SMP;1;4.14;3.84
209315790;SMP;1;4.18;3.88
209332436;SMP;1;4.14;3.88
209348982;SMP;1;4.18;3.88
209365801;SMP;1;4.14;3.88
209382001;SMP;1;4.18;3.86
209398609;SMP;1;4.12;3.92
209415378;SMP;1;4.14;3.92
209431758;SMP;1;4.16;3.90
209448423;SMP;1;4.14;3.88
209464999;SMP;1;4.18;3.90
209481607;SMP;1;4.20;3.90
209498138;SMP;1;4.20;3.88
209514775;SMP;1;4.14;3.92
209531663;SMP;1;4.20;3.90
209547918;SMP;1;4.26;3.86
209564862;SMP;1;4.26;3.92
209581557;SMP;1;4.20;3.90
209597900;SMP;1;4.22;3.90
209614354;SMP;1;4.20;3.96
209631311;SMP;1;4.24;3.94
209647649;SMP;1;4.24;3.96
209664380;SMP;1;4.26;3.96
209681153;SMP;1;4.24;3.96
209697701;SMP;1;4.26;3.98
209714041;SMP;1;4.24;3.98
209730902;SMP;1;4.26;3.98
209747272;SMP;1;4.28;3.96
209764153;SMP;1;4.30;3.98
209780488;SMP;1;4.28;4.00
209797167;SMP;1;4.28;4.00
209813651;SMP;1;4.34;3.98
209830104;SMP;1;4.32;4.02
209846641;SMP;1;4.34;4.00
209863365;SMP;1;4.30;4.02
209880389;SMP;1;4.30;4.00
209896741;SMP;1;4.28;4.04
209913357;SMP;1;4.26;4.02
209929645;SMP;1;4.32;4.04
209946246;SMP;1;4.26;4.04
209963290;SMP;1;4.32;4.04
209979748;SMP;1;4.28;4.02
209996482;SMP;1;4.30;4.02
210012839;SMP;1;4.34;4.04
210029642;SMP;1;4.28;4.02
210046181;SMP;1;4.30;4.04
210062761;SMP;1;4.28;4.04
210079261;SMP;1;4.36;4.04
210096030;SMP;1;4.32;4.06
210112226;SMP;1;4.30;4.06
210129128;SMP;1;4.30;4.04
210145370;SMP;1;4.30;4.04
210162145;SMP;1;4.28;4.06
210178609;SMP;1;4.36;4.04
210195140;SMP;1;4.30;4.04
210212032;SMP;1;4.32;4.04
210228566;SMP;1;4.40;4.06
210245151;SMP;1;4.38;4.06
210261940;SMP;1;4.38;4.06
210278120;SMP;1;4.34;4.06
210294897;SMP;1;4.34;4.06
210311523;SMP;1;4.30;4.08
210328420;SMP;1;4.30;4.10
210344620;SMP;1;4.32;4.06
210361146;SMP;1;4.34;4.08
210378159;SMP;1;4.38;4.04
210394501;SMP;1;4.32;4.16
210411036;SMP;1;4.36;4.06
210427494;SMP;1;4.36;4.06
210444697;SMP;1;4.38;4.08
210461139;SMP;1;4.34;4.04
210477260;SMP;1;4.34;4.04
210494289;SMP;1;4.44;4.12
210510892;SMP;1;4.34;4.06
210527100;SMP;1;4.42;4.08
210543649;SMP;1;4.40;4.06
210560252;SMP;1;4.26;4.08
210577027;SMP;1;4.40;4.04
210593494;SMP;1;4.38;4.06
210610035;SMP;1;4.42;4.16
210626622;SMP;1;4.40;4.16
210643254;SMP;1;4.42;4.12
210660356;SMP;1;4.38;4.08
210676676;SMP;1;4.30;4.16
210693342;SMP;1;4.38;4.14
210710049;SMP;1;4.36;4.16
210726395;SMP;1;4.40;4.16
210743301;SMP;1;4.40;4.16
210759696;SMP;1;4.36;4.12
210776157;SMP;1;4.36;4.14
210792992;SMP;1;4.40;4.18
210809392;SMP;1;4.40;4.14
210826183;SMP;1;4.38;4.18
210842813;SMP;1;4.40;4.22
210859420;SMP;1;4.40;4.18
210876047;SMP;1;4.42;4.20
210892538;SMP;1;4.42;4.18
210909159;SMP;1;4.40;4.20
210925373;SMP;1;4.42;4.18
210942404;SMP;1;4.42;4.22
210958559;SMP;1;4.38;4.18
210975500;SMP;1;4.42;4.22
210991910;SMP;1;4.40;4.20
211008846;SMP;1;4.40;4.20
211025379;SMP;1;4.40;4.22
211041926;SMP;1;4.42;4.22
211058559;SMP;1;4.40;4.22
211074740;SMP;1;4.42;4.20
211091699;SMP;1;4.40;4.24
211108040;SMP;1;4.44;4.22
211124559;SMP;1;4.44;4.24
211141322;SMP;1;4.46;4.22
211157876;SMP;1;4.46;4.22
211174281;SMP;1;4.42;4.22
211191294;SMP;1;4.44;4.22
211207573;SMP;1;4.52;4.20
211224106;SMP;1;4.52;4.22
211240639;SMP;1;4.44;4.24
211257414;SMP;1;4.44;4.24
211274287;SMP;1;4.44;4.20
211290898;SMP;1;4.46;4.20
211307277;SMP;1;4.40;4.22
211323957;SMP;1;4.40;4.24
211340835;SMP;1;4.46;4.24
211357009;SMP;1;4.48;4.22
211373639;SMP;1;4.44;4.24
211390028;SMP;1;4.46;4.22
211406774;SMP;1;4.42;4.22
211423414;SMP;1;4.44;4.26
211440344;SMP;1;4.46;4.30
211456428;SMP;1;4.48;4.28
211473141;SMP;1;4.48;4.34
211490031;SMP;1;4.50;4.32
211506641;SMP;1;4.44;4.34
211523180;SMP;1;4.46;4.34
211539650;SMP;1;4.48;4.32
211556369;SMP;1;4.46;4.36
211572632;SMP;1;4.48;4.34
211589576;SMP;1;4.50;4.38
211605917;SMP;1;4.42;4.36
211622764;SMP;1;4.50;4.36
211639129;SMP;1;4.48;4.38
211655770;SMP;1;4.48;4.40
211672494;SMP;1;4.54;4.38
211688754;SMP;1;4.46;4.38
211705728;SMP;1;4.50;4.40
211722370;SMP;1;4.44;4.40
211738926;SMP;1;4.54;4.44
211755269;SMP;1;4.54;4.42
211771901;SMP;1;4.54;4.42
211788557;SMP;1;4.54;4.42
211805246;SMP;1;4.54;4.42
211821718;SMP;1;4.52;4.42
211838554;SMP;1;4.54;4.42
211855160;SMP;1;4.54;4.40
211871440;SMP;1;4.52;4.40
211888038;SMP;1;4.52;4.42
211904584;SMP;1;4.56;4.40
211921510;SMP;1;4.58;4.36
211938141;SMP;1;4.62;4.42
211954659;SMP;1;4.52;4.36
211971292;SMP;1;4.46;4.36
211987903;SMP;1;4.48;4.34
212004192;SMP;1;4.50;4.34
212020657;SMP;1;4.50;4.36
212037669;SMP;1;4.56;4.32
212053899;SMP;1;4.42;4.32
212070889;SMP;1;4.50;4.36
212087198;SMP;1;4.54;4.42
212104022;SMP;1;4.52;4.40
212120726;SMP;1;4.54;4.36
212136845;SMP;1;4.56;4.40
212153801;SMP;1;4.50;4.40
212170442;SMP;1;4.52;4.40
212186657;SMP;1;4.54;4.38
212203237;SMP;1;4.58;4.38
212219860;SMP;1;4.56;4.36
212236555;SMP;1;4.56;4.38
212253144;SMP;1;4.54;4.40
212269768;SMP;1;4.56;4.40
212286224;SMP;1;4.52;4.36
212303109;SMP;1;4.50;4.42
212319527;SMP;1;4.54;4.40
212336133;SMP;1;4.54;4.40
212352830;SMP;1;4.52;4.38
212369293;SMP;1;4.52;4.40
212386184;SMP;1;4.56;4.38
212402801;SMP;1;4.52;4.38
212419407;SMP;1;4.56;4.32
212435688;SMP;1;4.58;4.42
212452632;SMP;1;4.56;4.42
212468745;SMP;1;4.62;4.42
212485513;SMP;1;4.88;4.44
212502064;SMP;1;4.86;4.42
212518919;SMP;1;4.80;4.42
212535521;SMP;1;4.58;4.42
212552154;SMP;1;4.64;4.40
212568579;SMP;1;4.62;4.36
212585224;SMP;1;4.60;4.38
212601657;SMP;1;4.58;4.40
212618278;SMP;1;4.60;4.40
212635082;SMP;1;4.64;4.36
212651700;SMP;1;4.48;4.44
212668380;SMP;1;4.52;4.38
212684733;SMP;1;4.54;4.38
212701244;SMP;1;4.56;4.42
212718028;SMP;1;4.60;4.44
212734674;SMP;1;4.60;4.44
212751275;SMP;1;4.54;4.42
212767886;SMP;1;4.60;4.42
212784245;SMP;1;4.62;4.44
212801021;SMP;1;4.56;4.44
212817530;SMP;1;4.58;4.42
212834268;SMP;1;4.60;4.44
212850765;SMP;1;4.56;4.46
212867339;SMP;1;4.58;4.42
212884221;SMP;1;4.56;4.44
212917124;SMP;1;4.52;4.42
212933980;SMP;1;4.62;4.42
212950612;SMP;1;4.60;4.42
212983513;SMP;1;4.62;4.42
212999908;SMP;1;4.62;4.44
213016891;SMP;1;4.54;4.44
213033129;SMP;1;4.60;4.44
213050005;SMP;1;4.58;4.42
213066473;SMP;1;4.66;4.44
213082882;SMP;1;4.64;4.44
213099982;SMP;1;4.54;4.42
213116111;SMP;1;4.58;4.44
213132676;SMP;1;4.62;4.42
213149538;SMP;1;4.62;4.40
213166305;SMP;1;4.60;4.42
213182803;SMP;1;4.64;4.46
213199579;SMP;1;4.62;4.50
213216119;SMP;1;4.66;4.46
213232427;SMP;1;4.64;4.50
213249138;SMP;1;4.62;4.52
213265356;SMP;1;4.62;4.50
213282176;SMP;1;4.68;4.48
213298792;SMP;1;4.62;4.48
213315414;SMP;1;4.64;4.54
213332351;SMP;1;4.66;4.56
213348412;SMP;1;4.64;4.52
213365476;SMP;1;4.64;4.46
213381894;SMP;1;4.64;4.54
213398230;SMP;1;4.60;4.54
213415262;SMP;1;4.62;4.58
213431392;SMP;1;4.62;4.56
213448009;SMP;1;4.64;4.52
213464906;SMP;1;4.60;4.44
213481704;SMP;1;4.50;4.40
213498049;SMP;1;4.48;4.44
213514533;SMP;1;4.56;4.44
213531253;SMP;1;4.54;4.44
213548085;SMP;1;4.60;4.42
213564293;SMP;1;4.62;4.44
213581029;SMP;1;4.66;4.46
213597246;SMP;1;4.60;4.54
213614257;SMP;1;4.60;4.44
213630995;SMP;1;4.70;4.48
213647335;SMP;1;4.60;4.58
213667746;SMP;1;4.68;4.48
213697161;SMP;1;4.66;4.44
213713991;SMP;1;4.68;4.58
213730405;SMP;1;4.66;4.48
213747212;SMP;1;4.56;4.50
213763583;SMP;1;4.64;4.46
213779890;SMP;1;4.56;4.54
213796689;SMP;1;4.84;4.48
213812967;SMP;1;4.68;4.54
213829692;SMP;1;4.66;4.56
213846770;SMP;1;4.70;4.54
213863093;SMP;1;4.70;4.56
213879527;SMP;1;4.78;4.52
213896480;SMP;1;4.70;4.50
213912512;SMP;1;4.74;4.52
213929274;SMP;1;4.68;4.54
213946098;SMP;1;4.72;4.60
213962539;SMP;1;4.78;4.62
213978894;SMP;1;4.72;4.58
213995497;SMP;1;4.68;4.54
214012152;SMP;1;4.68;4.60
214028711;SMP;1;4.78;4.56
214045275;SMP;1;4.70;4.58
214061871;SMP;1;4.90;4.60
214078495;SMP;1;4.86;4.60
214095094;SMP;1;4.68;4.60
214111729;SMP;1;4.84;4.62
214128274;SMP;1;4.74;4.58
214144866;SMP;1;4.68;4.62
214161479;SMP;1;4.94;4.60
214178102;SMP;1;4.92;4.60
214194631;SMP;1;4.88;4.60
214211241;SMP;1;4.70;4.60
214227864;SMP;1;4.94;4.62
214244810;SMP;1;4.80;4.60
214261634;SMP;1;4.82;4.62
214277773;SMP;1;4.84;4.62
214294457;SMP;1;4.76;4.66
214311039;SMP;1;4.80;4.66
214327536;SMP;1;4.82;4.66
214344144;SMP;1;4.76;4.64
214361211;SMP;1;4.80;4.66
214377572;SMP;1;4.80;4.68
214394006;SMP;1;4.80;4.66
214410989;SMP;1;4.76;4.68
214427299;SMP;1;4.84;4.66
214443736;SMP;1;4.78;4.70
214460754;SMP;1;4.74;4.68
214476740;SMP;1;4.80;4.66
214493902;SMP;1;4.80;4.66
214510284;SMP;1;4.78;4.66
214526891;SMP;1;4.80;4.68
214543570;SMP;1;4.76;4.68
214560039;SMP;1;4.82;4.68
214576719;SMP;1;4.74;4.68
214593116;SMP;1;4.72;4.68
214609668;SMP;1;4.74;4.68
214626403;SMP;1;4.74;4.66
214642884;SMP;1;4.78;4.68
214659753;SMP;1;4.80;4.68
214676458;SMP;1;4.80;4.64
214692860;SMP;1;4.80;4.64
214709530;SMP;1;4.80;4.72
214725867;SMP;1;4.74;4.70
214742528;SMP;1;4.72;4.68
214759124;SMP;1;4.76;4.70
214776127;SMP;1;4.74;4.68
214792408;SMP;1;4.76;4.68
214808810;SMP;1;4.72;4.74
214825261;SMP;1;4.76;4.68
214842178;SMP;1;4.72;4.66
214859119;SMP;1;4.74;4.66
214875723;SMP;1;4.74;4.70
214891922;SMP;1;4.78;4.70
214908814;SMP;1;4.82;4.70
214925160;SMP;1;4.74;4.80
214942072;SMP;1;4.82;4.62
214958158;SMP;1;4.90;4.66
214974900;SMP;1;4.82;4.66
214991651;SMP;1;4.62;4.66
215008492;SMP;1;4.56;4.72
215024552;SMP;1;4.94;4.64
215041133;SMP;1;4.86;4.68
215057974;SMP;1;4.78;4.66
215074626;SMP;1;4.66;4.70
215091408;SMP;1;4.60;4.68
215107971;SMP;1;4.66;4.66
215124288;SMP;1;4.60;4.60
215140640;SMP;1;4.88;4.60
215157816;SMP;1;4.70;4.56
215174098;SMP;1;4.82;4.62
215190767;SMP;1;4.66;4.60
215207210;SMP;1;4.86;4.72
215224207;SMP;1;4.88;4.64
215240685;SMP;1;4.66;4.64
215257157;SMP;1;4.80;4.66
215273977;SMP;1;4.88;4.66
215290587;SMP;1;4.78;4.64
215306862;SMP;1;4.66;4.76
215323525;SMP;1;4.76;4.68
215340229;SMP;1;4.80;4.66
215356402;SMP;1;4.84;4.74
215372967;SMP;1;4.86;4.76
215389508;SMP;1;4.78;4.74
215406406;SMP;1;4.76;4.76
215422897;SMP;1;4.92;4.78
215439524;SMP;1;4.84;4.80
215456037;SMP;1;4.80;4.74
215472873;SMP;1;4.74;4.78
215489747;SMP;1;4.78;4.82
215506136;SMP;1;4.80;4.76
215522423;SMP;1;4.76;4.80
215539171;SMP;1;4.82;4.78
215555893;SMP;1;4.84;4.78
215572647;SMP;1;4.84;4.78
215589230;SMP;1;4.78;4.78
215605374;SMP;1;4.74;4.76
215622207;SMP;1;4.76;4.78
215639105;SMP;1;4.84;4.80
215655231;SMP;1;4.74;4.80
215672284;SMP;1;4.74;4.80
215688525;SMP;1;4.92;4.80
215705045;SMP;1;4.82;4.80
215721812;SMP;1;4.84;4.80
215738300;SMP;1;4.86;4.80
215754915;SMP;1;4.84;4.80
215771514;SMP;1;4.78;4.78
215788142;SMP;1;4.80;4.80
215804819;SMP;1;4.80;4.80
215821132;SMP;1;4.74;4.78
215837897;SMP;1;4.86;4.80
215854519;SMP;1;4.76;4.82
215871055;SMP;1;4.94;4.82
215887667;SMP;1;4.90;4.82
215904279;SMP;1;4.68;4.80
215920854;SMP;1;4.76;4.82
215937749;SMP;1;4.88;4.80
215954038;SMP;1;4.74;4.82
215970713;SMP;1;4.82;4.82
215987267;SMP;1;4.84;4.80
216003663;SMP;1;4.80;4.82
216020476;SMP;1;4.70;4.80
216036867;SMP;1;4.72;4.76
216053975;SMP;1;4.66;4.78
216070052;SMP;1;4.82;4.76
216087092;SMP;1;4.96;4.80
216103261;SMP;1;4.70;4.76
216119882;SMP;1;4.84;4.80
216136549;SMP;1;4.80;4.76
216153030;SMP;1;5.02;4.78
216169636;SMP;1;4.80;4.78
216186417;SMP;1;4.70;4.80
216202859;SMP;1;4.96;4.78
216219418;SMP;1;4.96;4.78
216236025;SMP;1;4.94;4.78
216252690;SMP;1;5.02;4.78
216269511;SMP;1;4.98;4.82
216286019;SMP;1;5.08;4.82
216302568;SMP;1;4.86;4.72
216319154;SMP;1;4.98;4.76
216336079;SMP;1;4.96;4.84
216352665;SMP;1;5.04;4.80
216369153;SMP;1;4.94;4.80
216385386;SMP;1;4.82;4.82
216402011;SMP;1;4.90;4.88
216418621;SMP;1;4.90;4.74
216435156;SMP;1;4.80;4.84
216451754;SMP;1;4.96;4.84
216468581;SMP;1;4.96;4.82
216484984;SMP;1;5.08;4.86
216502021;SMP;1;5.10;4.82
216518343;SMP;1;5.10;4.82
216535023;SMP;1;4.80;4.88
216551229;SMP;1;4.98;4.82
216568371;SMP;1;4.90;4.86
216584571;SMP;1;4.98;4.86
216601586;SMP;1;4.82;4.88
216617741;SMP;1;4.98;4.86
216634505;SMP;1;5.04;4.84
216651042;SMP;1;5.04;4.84
216667950;SMP;1;5.02;4.84
216700932;SMP;1;5.02;4.84
216717264;SMP;1;4.94;4.84
216750979;SMP;1;4.92;4.90
216767369;SMP;1;5.02;4.86
216784114;SMP;1;5.06;4.88
216800353;SMP;1;5.06;4.88
216817345;SMP;1;5.02;4.86
216833499;SMP;1;4.84;4.86
216850279;SMP;1;4.86;4.88
216866890;SMP;1;4.88;4.86
216883685;SMP;1;4.82;4.90
216900333;SMP;1;5.02;4.88
216916570;SMP;1;4.82;4.90
216933270;SMP;1;5.04;4.88
216950093;SMP;1;4.94;4.86
216966107;SMP;1;5.06;4.88
216982895;SMP;1;5.18;4.90
216999540;SMP;1;4.82;5.02
217016010;SMP;1;5.12;4.90
217032477;SMP;1;4.96;4.94
217049643;SMP;1;4.86;4.94
217066179;SMP;1;5.04;4.90
217082390;SMP;1;4.98;4.94
217099271;SMP;1;4.94;4.98
217115631;SMP;1;4.92;4.92
217132363;SMP;1;5.06;4.96
217149047;SMP;1;4.90;4.96
217165854;SMP;1;4.92;4.94
217182012;SMP;1;4.98;4.98
217198683;SMP;1;4.84;4.94
217215423;SMP;1;4.92;4.96
217231774;SMP;1;5.06;4.98
217248564;SMP;1;5.00;4.94
217264997;SMP;1;4.84;4.96
217281993;SMP;1;5.04;4.94
217298320;SMP;1;5.00;4.98
217315014;SMP;1;5.00;4.96
217331363;SMP;1;5.04;4.92
217348169;SMP;1;5.04;4.96
217364997;SMP;1;4.86;4.88
217381584;SMP;1;4.94;4.96
217397741;SMP;1;5.02;5.00
217414435;SMP;1;4.92;4.94
217430808;SMP;1;4.96;4.98
217447777;SMP;1;4.94;5.00
217464382;SMP;1;4.92;4.98
217480652;SMP;1;5.04;4.98
217497252;SMP;1;4.86;5.00
217514355;SMP;1;4.96;5.02
217530751;SMP;1;5.02;5.02
217547040;SMP;1;5.02;5.04
217563915;SMP;1;5.02;5.00
217580488;SMP;1;5.04;4.98
217596956;SMP;1;5.00;4.94
217613941;SMP;1;4.96;4.98
217630265;SMP;1;4.88;4.94
217646638;SMP;1;4.86;4.86
217663522;SMP;1;4.82;4.82
217680297;SMP;1;4.74;4.76
217696598;SMP;1;4.68;4.66
217713220;SMP;1;4.52;4.62
217729811;SMP;1;4.48;4.60
217746726;SMP;1;4.46;4.44
217763040;SMP;1;4.44;4.40
217779637;SMP;1;4.28;4.26
217795883;SMP;1;4.30;4.22
217812576;SMP;1;4.20;4.18
217829183;SMP;1;4.20;4.06
217845814;SMP;1;4.18;4.02
217862382;SMP;1;4.14;4.02
217879171;SMP;1;4.00;4.00
217895759;SMP;1;4.04;3.88
217912288;SMP;1;3.98;3.86
217928719;SMP;1;3.94;3.76
217945912;SMP;1;3.88;3.78
217962452;SMP;1;3.84;3.72
217978781;SMP;1;3.78;3.66
217995177;SMP;1;3.76;3.62
218012034;SMP;1;3.76;3.60
218028517;SMP;1;3.76;3.54
218044992;SMP;1;3.74;3.54
218061657;SMP;1;3.70;3.54
218078609;SMP;1;3.68;3.50
218094892;SMP;1;3.70;3.50
218111284;SMP;1;3.66;3.52
218128167;SMP;1;3.62;3.42
218144560;SMP;1;3.60;3.40
218161129;SMP;1;3.60;3.40
218177743;SMP;1;3.56;3.40
218194468;SMP;1;3.52;3.32
218211175;SMP;1;3.50;3.36
218227496;SMP;1;3.44;3.36
218244381;SMP;1;3.50;3.32
218260820;SMP;1;3.42;3.26
218277580;SMP;1;3.42;3.26
218294044;SMP;1;3.46;3.26
218310966;SMP;1;3.44;3.24
218327230;SMP;1;3.42;3.20
218343922;SMP;1;3.42;3.24
218360415;SMP;1;3.42;3.22
218377152;SMP;1;3.42;3.20
218393676;SMP;1;3.44;3.22
218410499;SMP;1;3.42;3.20
218427097;SMP;1;3.42;3.24
218443397;SMP;1;3.42;3.24
218459863;SMP;1;3.44;3.24
218476397;SMP;1;3.44;3.24
218493007;SMP;1;3.44;3.26
218509616;SMP;1;3.46;3.26
218526500;SMP;1;3.48;3.22
218542966;SMP;1;3.52;3.30
218559665;SMP;1;3.56;3.24
218575971;SMP;1;3.56;3.34
218592446;SMP;1;3.60;3.24
218609495;SMP;1;3.58;3.30
218625908;SMP;1;3.58;3.30
218642533;SMP;1;3.60;3.32
218659435;SMP;1;3.58;3.36
218675982;SMP;1;3.60;3.40
218692550;SMP;1;3.60;3.40
218708983;SMP;1;3.62;3.38
218725518;SMP;1;3.68;3.40
218742158;SMP;1;3.70;3.44
218758974;SMP;1;3.76;3.42
218775470;SMP;1;3.80;3.44
218792150;SMP;1;3.78;3.50
218808760;SMP;1;3.80;3.46
218825135;SMP;1;3.80;3.56
218841953;SMP;1;3.78;3.50
218858607;SMP;1;3.78;3.48
218874988;SMP;1;3.80;3.56
218891286;SMP;1;3.80;3.60
218908133;SMP;1;3.80;3.56
218924599;SMP;1;3.86;3.60
218941585;SMP;1;3.82;3.62
218957662;SMP;1;3.90;3.62
218974407;SMP;1;3.92;3.62
218991351;SMP;1;3.94;3.66
219007496;SMP;1;3.96;3.62
219023898;SMP;1;3.94;3.62
219040504;SMP;1;4.00;3.64
219057120;SMP;1;4.00;3.62
219073721;SMP;1;4.00;3.66
219090350;SMP;1;3.98;3.72
219106879;SMP;1;4.00;3.70
219123511;SMP;1;4.00;3.76
219140099;SMP;1;4.00;3.78
219156718;SMP;1;4.00;3.74
219173898;SMP;1;4.00;3.78
219190271;SMP;1;4.02;3.76
219207088;SMP;1;4.00;3.78
219223756;SMP;1;3.98;3.78
219239989;SMP;1;4.00;3.80
219256535;SMP;1;4.06;3.80
219273001;SMP;1;4.16;3.72
219290103;SMP;1;0.00;2.54
219306439;SMP;1;0.00;0.00
219322990;SMP;1;0.00;0.00
219339552;SMP;1;1.96;0.00
219356262;SMP;1;0.00;2.44
219372754;SMP;1;4.32;3.98
219389138;SMP;1;4.36;4.02
219405889;SMP;1;4.20;3.96
219422406;SMP;1;4.20;3.94
219439004;SMP;1;4.14;3.90
219455602;SMP;1;4.20;3.94
219471983;SMP;1;4.18;3.98
219488851;SMP;1;4.22;3.92
219505435;SMP;1;4.20;3.98
219522157;SMP;1;4.20;4.02
219538666;SMP;1;4.22;4.02
219555276;SMP;1;4.22;4.02
219571741;SMP;1;4.22;4.02
219588503;SMP;1;4.22;4.02
219604873;SMP;1;4.22;4.02
219622363;SMP;1;4.28;4.06
219638585;SMP;1;4.20;4.02
219654660;SMP;1;4.22;4.04
219671511;SMP;1;4.36;4.04
219688157;SMP;1;4.22;4.04
219704503;SMP;1;4.30;4.02
219721382;SMP;1;4.32;4.02
219738114;SMP;1;4.28;4.02
219754473;SMP;1;4.36;4.02
219771139;SMP;1;4.34;4.04
219787628;SMP;1;4.36;4.04
219804388;SMP;1;4.30;4.04
219820753;SMP;1;4.36;4.06
219837586;SMP;1;4.34;4.16
219854134;SMP;1;4.34;4.10
219870871;SMP;1;4.34;4.12
219887480;SMP;1;4.40;4.12
219903900;SMP;1;4.34;4.12
219920268;SMP;1;4.36;4.16
219936790;SMP;1;4.40;4.16
219953825;SMP;1;4.42;4.20
219970153;SMP;1;4.38;4.20
219986896;SMP;1;4.36;4.20
220003160;SMP;1;4.42;4.16
220020029;SMP;1;4.38;4.16
220036793;SMP;1;4.56;4.18
220053287;SMP;1;0.00;0.00
220070085;SMP;1;0.00;0.00
220086405;SMP;1;0.00;0.00
220102905;SMP;1;0.00;0.00
220119643;SMP;1;0.00;0.00
220136442;SMP;1;0.00;0.00
220152708;SMP;1;0.00;0.00
220169424;SMP;1;0.00;0.00
220185702;SMP;1;0.00;3.02
220202524;SMP;1;4.52;4.26
220218865;SMP;1;4.62;4.20
220235653;SMP;1;4.34;4.20
220252284;SMP;1;4.36;4.18
220268742;SMP;1;4.26;4.18
220285293;SMP;1;4.22;4.18
220302424;SMP;1;4.30;4.18
220318665;SMP;1;4.32;4.16
220335191;SMP;1;4.34;4.14
220351996;SMP;1;4.34;4.20
220368484;SMP;1;4.32;4.18
220385024;SMP;1;4.34;4.20
220401761;SMP;1;4.32;4.18
220418268;SMP;1;4.36;4.18
220434919;SMP;1;4.30;4.14
220451411;SMP;1;4.32;4.18
220468027;SMP;1;4.30;4.20
220484547;SMP;1;4.30;4.18
220501038;SMP;1;4.30;4.12
220517639;SMP;1;4.32;4.12
220551338;SMP;1;4.34;4.12
220567555;SMP;1;4.34;4.16
220584029;SMP;1;4.38;4.14
220600820;SMP;1;4.32;4.14
220617171;SMP;1;4.34;4.18
220650868;SMP;1;4.28;4.18
220667151;SMP;1;4.30;4.20
220683612;SMP;1;4.32;4.18
220700657;SMP;1;4.34;4.14
220716775;SMP;1;4.34;4.20
220733393;SMP;1;4.32;4.18
220750328;SMP;1;4.36;4.16
220766769;SMP;1;4.42;4.20
220783314;SMP;1;4.40;4.20
220799971;SMP;1;4.36;4.20
220816779;SMP;1;4.32;4.18
220833040;SMP;1;4.36;4.20
220849980;SMP;1;4.40;4.20
220866594;SMP;1;4.32;4.20
220883028;SMP;1;4.44;4.18
220899506;SMP;1;4.38;4.14
220916120;SMP;1;4.44;4.10
220932540;SMP;1;4.40;4.16
220949400;SMP;1;4.32;4.10
220965900;SMP;1;4.32;4.12
220982659;SMP;1;4.32;4.12
220999043;SMP;1;4.46;4.14
221015513;SMP;1;4.34;4.16
221032132;SMP;1;4.34;4.10
221048994;SMP;1;4.36;4.14
221065302;SMP;1;4.34;4.10
221082111;SMP;1;4.42;4.14
221098496;SMP;1;4.40;4.16
221115572;SMP;1;4.36;4.08
221131647;SMP;1;4.32;4.12
221148474;SMP;1;4.36;4.12
221165345;SMP;1;4.30;4.08
221181748;SMP;1;4.36;4.08
221198499;SMP;1;4.32;4.20
221214914;SMP;1;4.36;4.08
221231694;SMP;1;4.36;4.16
221248127;SMP;1;4.30;4.12
221265024;SMP;1;4.36;4.14
221281214;SMP;1;4.36;4.10
221298085;SMP;1;4.38;4.18
221314270;SMP;1;4.32;4.18
221331220;SMP;1;4.36;4.14
221347811;SMP;1;4.34;4.16
221364426;SMP;1;4.38;4.18
221380869;SMP;1;4.34;4.18
221397721;SMP;1;4.34;4.20
221414228;SMP;1;4.38;4.20
221430656;SMP;1;4.40;4.20
221447028;SMP;1;4.42;4.22
221463816;SMP;1;4.42;4.22
221480310;SMP;1;4.42;4.22
221496769;SMP;1;4.36;4.24
221513850;SMP;1;4.42;4.26
221530016;SMP;1;4.44;4.26
221546538;SMP;1;4.44;4.26
221563146;SMP;1;4.44;4.24
221580044;SMP;1;4.48;4.34
221596367;SMP;1;4.50;4.30
221612835;SMP;1;4.46;4.34
221629716;SMP;1;4.50;4.36
221646134;SMP;1;4.50;4.32
221662799;SMP;1;4.52;4.32
221679515;SMP;1;4.54;4.36
221696097;SMP;1;4.54;4.40
221712759;SMP;1;4.52;4.38
221729279;SMP;1;4.54;4.42
221745895;SMP;1;4.50;4.40
221762444;SMP;1;4.58;4.38
221779086;SMP;1;4.52;4.40
221795523;SMP;1;4.60;4.42
221812023;SMP;1;4.62;4.42
221828651;SMP;1;4.52;4.42
221845293;SMP;1;4.62;4.42
221862299;SMP;1;4.64;4.42
221878644;SMP;1;4.60;4.42
221895381;SMP;1;4.60;4.42
221912112;SMP;1;4.64;4.42
221928268;SMP;1;4.68;4.42
221944877;SMP;1;4.68;4.46
221961437;SMP;1;4.66;4.46
221978043;SMP;1;4.66;4.46
221994893;SMP;1;4.60;4.46
222011241;SMP;1;4.62;4.50
222028100;SMP;1;4.72;4.46
222044628;SMP;1;4.64;4.52
222061337;SMP;1;4.66;4.58
222077770;SMP;1;4.74;4.60
222094266;SMP;1;4.72;4.58
222110783;SMP;1;4.74;4.58
222127405;SMP;1;4.76;4.60
222144090;SMP;1;4.70;4.60
222160537;SMP;1;4.70;4.60
222177505;SMP;1;4.70;4.60
222194034;SMP;1;4.72;4.60
222210872;SMP;1;4.68;4.60
222227141;SMP;1;4.68;4.62
222244034;SMP;1;4.70;4.60
222260286;SMP;1;4.68;4.62
222277040;SMP;1;4.66;4.60
222293838;SMP;1;4.74;4.60
222310388;SMP;1;4.76;4.62
222326979;SMP;1;4.72;4.62
222343591;SMP;1;4.82;4.62
222360219;SMP;1;4.80;4.62
222376356;SMP;1;4.72;4.64
222393064;SMP;1;4.76;4.62
222409665;SMP;1;4.74;4.62
222426149;SMP;1;4.72;4.62
222443083;SMP;1;4.80;4.62
222459747;SMP;1;4.84;4.62
222476037;SMP;1;4.74;4.62
222492537;SMP;1;4.74;4.62
222509260;SMP;1;4.76;4.62
222526002;SMP;1;4.76;4.62
222542345;SMP;1;4.74;4.58
222559141;SMP;1;4.80;4.54
222575358;SMP;1;4.86;4.52
222591973;SMP;1;4.82;4.54
222608764;SMP;1;4.82;4.54
222625420;SMP;1;4.74;4.56
222641895;SMP;1;4.78;4.58
222658639;SMP;1;4.78;4.52
222675275;SMP;1;4.80;4.56
222691884;SMP;1;4.80;4.58
222708483;SMP;1;4.74;4.56
222724866;SMP;1;4.76;4.56
222741400;SMP;1;4.76;4.56
222758161;SMP;1;4.74;4.64
222774785;SMP;1;4.74;4.62
222791693;SMP;1;4.72;4.60
222807795;SMP;1;4.70;4.62
222824549;SMP;1;4.70;4.68
222841330;SMP;1;4.78;4.62
222857796;SMP;1;4.76;4.62
222874191;SMP;1;4.76;4.64
222890773;SMP;1;4.78;4.64
222907465;SMP;1;4.74;4.64
222924260;SMP;1;4.72;4.60
222941080;SMP;1;4.70;4.62
222957156;SMP;1;4.78;4.62
222974031;SMP;1;4.70;4.62
222990833;SMP;1;4.72;4.64
223007449;SMP;1;4.78;4.64
223023397;SMP;1;4.76;4.62
223040566;SMP;1;4.74;4.62
223057032;SMP;1;4.66;4.62
223073641;SMP;1;4.72;4.62
223090119;SMP;1;4.78;4.64
223106967;SMP;1;4.76;4.62
223123345;SMP;1;4.76;4.62
223140210;SMP;1;4.74;4.64
223156784;SMP;1;4.76;4.62
223172951;SMP;1;4.78;4.64
223189995;SMP;1;4.76;4.62
223206133;SMP;1;4.76;4.62
223223011;SMP;1;4.78;4.64
223239548;SMP;1;4.78;4.62
223255903;SMP;1;4.82;4.58
223272773;SMP;1;4.78;4.58
223289054;SMP;1;4.82;4.60
223305913;SMP;1;4.86;4.58
223322517;SMP;1;4.76;4.60
223339365;SMP;1;4.78;4.60
223355491;SMP;1;4.74;4.56
223372553;SMP;1;4.76;4.60
223388714;SMP;1;4.80;4.60
223405250;SMP;1;4.82;4.60
223422007;SMP;1;4.90;4.60
223438642;SMP;1;4.82;4.62
223455011;SMP;1;4.78;4.60
223471659;SMP;1;4.74;4.58
223488450;SMP;1;4.86;4.60
223505027;SMP;1;4.84;4.60
223521873;SMP;1;4.84;4.58
223538478;SMP;1;4.76;4.64
223555121;SMP;1;4.86;4.62
223571723;SMP;1;4.86;4.60
223588116;SMP;1;4.74;4.62
223604546;SMP;1;4.84;4.62
223621011;SMP;1;4.84;4.62
223637762;SMP;1;4.80;4.60
223654635;SMP;1;4.82;4.62
223671044;SMP;1;4.94;4.62
223687727;SMP;1;4.82;4.58
223704250;SMP;1;4.78;4.62
223720559;SMP;1;4.86;4.62
223737146;SMP;1;4.88;4.60
223754240;SMP;1;4.82;4.62
223770590;SMP;1;4.84;4.62
223786855;SMP;1;4.88;4.62
223803669;SMP;1;4.82;4.62
223820416;SMP;1;4.90;4.60
223836781;SMP;1;4.92;4.66
223853636;SMP;1;4.84;4.62
223869894;SMP;1;4.82;4.64
223886672;SMP;1;4.74;4.62
223903576;SMP;1;4.68;4.66
223919951;SMP;1;4.58;4.66
223936485;SMP;1;4.60;4.66
223953000;SMP;1;4.70;4.66
223969971;SMP;1;4.66;4.64
223986129;SMP;1;4.68;4.66
224002668;SMP;1;4.78;4.78
224019259;SMP;1;4.72;4.78
224036324;SMP;1;4.78;4.82
224052586;SMP;1;4.78;4.80
224068965;SMP;1;4.80;4.78
224085496;SMP;1;4.66;4.82
224102113;SMP;1;4.68;4.78
224118738;SMP;1;4.78;4.80
224135347;SMP;1;4.82;4.80
224151878;SMP;1;4.78;4.80
224168477;SMP;1;4.84;4.80
224185110;SMP;1;4.76;4.80
224201717;SMP;1;4.78;4.80
224218583;SMP;1;4.82;4.82
224235151;SMP;1;4.72;4.82
224251485;SMP;1;4.74;4.80
224268262;SMP;1;4.82;4.82
224284869;SMP;1;4.78;4.78
224301387;SMP;1;4.74;4.82
224318006;SMP;1;4.70;4.80
224335100;SMP;1;4.60;4.80
224351314;SMP;1;4.68;4.78
224367917;SMP;1;4.76;4.84
224384588;SMP;1;4.44;4.72
224401356;SMP;1;4.74;4.64
224417887;SMP;1;4.94;4.74
224451024;SMP;1;5.00;4.76
224484245;SMP;1;5.08;4.70
224500642;SMP;1;5.02;4.72
224534023;SMP;1;5.06;4.76
224550391;SMP;1;4.94;4.70
224583989;SMP;1;5.08;4.72
224600541;SMP;1;5.00;4.70
224616989;SMP;1;5.04;4.72
224633180;SMP;1;5.06;4.76
224649737;SMP;1;5.08;4.78
224666518;SMP;1;5.08;4.78
224683523;SMP;1;5.04;4.78
224699997;SMP;1;4.78;4.76
224716260;SMP;1;5.06;4.78
224733006;SMP;1;4.84;4.86
224749815;SMP;1;4.74;4.86
224766113;SMP;1;4.76;4.84
224782908;SMP;1;4.80;4.88
224799750;SMP;1;4.90;4.90
224815885;SMP;1;4.78;4.88
224832380;SMP;1;4.84;4.90
224849272;SMP;1;4.88;4.90
224866112;SMP;1;4.76;4.88
224882310;SMP;1;4.94;4.88
224898870;SMP;1;4.88;4.86
224915704;SMP;1;4.92;4.88
224932202;SMP;1;4.98;4.94
224948924;SMP;1;5.06;4.92
224965388;SMP;1;5.04;4.86
224981878;SMP;1;4.92;4.82
224998865;SMP;1;4.92;4.80
225015156;SMP;1;4.84;4.82
225031587;SMP;1;4.92;4.80
225048098;SMP;1;4.54;4.78
225065017;SMP;1;4.76;4.74
225081407;SMP;1;4.74;4.74
225098030;SMP;1;4.82;4.68
225114655;SMP;1;4.66;4.68
225131607;SMP;1;4.82;4.64
225147766;SMP;1;4.70;4.64
225164397;SMP;1;4.60;4.62
225181133;SMP;1;4.80;4.64
225197980;SMP;1;4.80;4.62
225214461;SMP;1;4.46;4.62
225231014;SMP;1;4.66;4.60
225247533;SMP;1;4.70;4.62
225264376;SMP;1;4.72;4.62
225280805;SMP;1;4.74;4.60
225297605;SMP;1;4.72;4.62
225314009;SMP;1;4.66;4.62
225330574;SMP;1;4.84;4.62
225347032;SMP;1;4.62;4.62
225363505;SMP;1;4.66;4.62
225380265;SMP;1;4.60;4.62
225396598;SMP;1;4.82;4.48
225413429;SMP;1;4.74;4.60
225429896;SMP;1;4.64;4.52
225446638;SMP;1;4.68;4.56
225463257;SMP;1;4.82;4.54
225480127;SMP;1;4.66;4.54
225496279;SMP;1;4.82;4.56
225513277;SMP;1;4.72;4.60
225529973;SMP;1;4.18;4.60
225546049;SMP;1;4.68;4.56
225562491;SMP;1;4.84;4.62
225579486;SMP;1;4.80;4.60
225595869;SMP;1;4.86;4.64
225612415;SMP;1;4.76;4.62
225629495;SMP;1;4.78;4.64
225646091;SMP;1;4.84;4.66
225662283;SMP;1;4.86;4.70
225678874;SMP;1;4.86;4.64
225695412;SMP;1;4.74;4.76
225712281;SMP;1;4.80;4.72
225728755;SMP;1;4.90;4.80
225745254;SMP;1;4.88;4.86
225761771;SMP;1;4.90;4.66
225778821;SMP;1;5.02;4.84
225794939;SMP;1;4.94;4.84
225811611;SMP;1;4.94;4.84
225828305;SMP;1;4.86;4.84
225845141;SMP;1;4.60;4.92
225861389;SMP;1;4.50;4.78
225878252;SMP;1;4.90;4.82
225894533;SMP;1;4.88;4.72
225911411;SMP;1;4.74;4.78
225928048;SMP;1;4.72;4.78
225944577;SMP;1;4.72;4.78
225961452;SMP;1;4.68;4.76
225977970;SMP;1;4.74;4.72
225994146;SMP;1;4.84;4.66
226011012;SMP;1;4.80;4.70
226027509;SMP;1;4.78;4.70
226044094;SMP;1;4.72;4.70
226061113;SMP;1;4.72;4.72
226077278;SMP;1;4.74;4.74
226094001;SMP;1;4.70;4.64
226110524;SMP;1;4.68;4.74
226126886;SMP;1;4.64;4.68
226143777;SMP;1;4.84;4.72
226160517;SMP;1;4.86;4.68
226176693;SMP;1;4.90;4.72
226193290;SMP;1;4.86;4.68
226209891;SMP;1;4.88;4.64
226226490;SMP;1;4.76;4.70
226243395;SMP;1;4.94;4.74
226260104;SMP;1;4.80;4.74
226276268;SMP;1;4.92;4.80
226293147;SMP;1;4.98;4.70
226309942;SMP;1;4.92;4.62
226326011;SMP;1;4.90;4.72
226342655;SMP;1;4.96;4.72
226359241;SMP;1;4.98;4.62
226376338;SMP;1;4.84;4.74
226392400;SMP;1;4.58;4.68
226408997;SMP;1;4.94;4.72
226425506;SMP;1;4.98;4.68
226442508;SMP;1;4.92;4.76
226459253;SMP;1;4.96;4.76
226475381;SMP;1;4.96;4.72
226491874;SMP;1;4.94;4.74
226508766;SMP;1;4.86;4.72
226525439;SMP;1;4.94;4.72
226541780;SMP;1;4.94;4.78
226558841;SMP;1;4.84;4.72
226575163;SMP;1;4.96;4.74
226591628;SMP;1;4.88;4.76
226608434;SMP;1;4.92;4.76
226624755;SMP;1;4.84;4.74
226641512;SMP;1;4.94;4.60
226658264;SMP;1;4.88;4.70
226674724;SMP;1;4.96;4.74
226691611;SMP;1;4.96;4.74
226707914;SMP;1;5.02;4.74
226724215;SMP;1;4.90;4.76
226740747;SMP;1;4.82;4.72
226757373;SMP;1;4.88;4.72
226774396;SMP;1;4.96;4.74
226791226;SMP;1;4.86;4.72
226807283;SMP;1;4.88;4.76
226824158;SMP;1;4.86;4.74
226841024;SMP;1;4.84;4.70
226857264;SMP;1;4.84;4.74
226874015;SMP;1;4.88;4.72
226890674;SMP;1;4.92;4.74
226907028;SMP;1;4.82;4.74
226923503;SMP;1;4.50;4.70
226940514;SMP;1;4.88;4.74
226956666;SMP;1;4.96;4.80
226973408;SMP;1;4.82;4.78
226990145;SMP;1;4.70;4.74
227006644;SMP;1;4.40;4.78
227023178;SMP;1;4.70;4.66
227039798;SMP;1;4.44;4.80
227056467;SMP;1;4.64;4.80
227073335;SMP;1;4.74;4.82
227089741;SMP;1;4.40;4.80
227106005;SMP;1;4.64;4.76
227122890;SMP;1;4.78;4.64
227139401;SMP;1;4.80;4.70
227155793;SMP;1;4.84;4.60
227172555;SMP;1;4.84;4.54
227189142;SMP;1;4.76;4.64
227205632;SMP;1;4.84;4.58
227222654;SMP;1;4.82;4.62
227238985;SMP;1;4.90;4.56
227255535;SMP;1;4.88;4.64
227272485;SMP;1;4.92;4.56
227288826;SMP;1;4.82;4.62
227305302;SMP;1;4.84;4.58
227321774;SMP;1;4.88;4.58
227338524;SMP;1;4.74;4.62
227355133;SMP;1;4.78;4.64
227371738;SMP;1;4.90;4.60
227388434;SMP;1;4.84;4.64
227404750;SMP;1;4.92;4.66
227421254;SMP;1;4.92;4.64
227438062;SMP;1;4.94;4.64
227454980;SMP;1;4.88;4.62
227471275;SMP;1;4.52;4.66
227487886;SMP;1;4.96;4.66
227504789;SMP;1;4.98;4.64
227520897;SMP;1;4.92;4.64
227537552;SMP;1;4.94;4.66
227554387;SMP;1;5.00;4.64
227571011;SMP;1;4.48;4.64
227587482;SMP;1;4.98;4.68
227604030;SMP;1;4.92;4.66
227620689;SMP;1;5.02;4.70
227637395;SMP;1;4.96;4.66
227653715;SMP;1;4.94;4.66
227670730;SMP;1;4.92;4.68
227686886;SMP;1;4.96;4.68
227703964;SMP;1;4.98;4.72
227720046;SMP;1;4.98;4.72
227736855;SMP;1;4.98;4.70
227753253;SMP;1;4.60;4.72
227769853;SMP;1;4.96;4.64
227786622;SMP;1;4.94;4.72
227802876;SMP;1;4.68;4.70
227819486;SMP;1;4.78;4.68
227836264;SMP;1;4.96;4.70
227852711;SMP;1;4.94;4.70
227869430;SMP;1;4.76;4.74
227885864;SMP;1;4.86;4.74
227902670;SMP;1;4.96;4.72
227919248;SMP;1;4.98;4.72
227935784;SMP;1;4.96;4.74
227952415;SMP;1;4.94;4.74
227968858;SMP;1;4.98;4.78
227985633;SMP;1;4.96;4.76
228002015;SMP;1;4.98;4.78
228018774;SMP;1;4.64;4.78
228035241;SMP;1;4.76;4.82
228051998;SMP;1;4.94;4.80
228068567;SMP;1;4.98;4.80
228084999;SMP;1;4.98;4.78
228101914;SMP;1;4.92;4.82
228118229;SMP;1;4.86;4.82
228134852;SMP;1;4.70;4.80
228151697;SMP;1;4.66;4.80
228168138;SMP;1;4.96;4.82
228184753;SMP;1;5.04;4.80
228201304;SMP;1;4.96;4.78
228217931;SMP;1;4.56;4.82
228234508;SMP;1;4.50;4.74
228251146;SMP;1;4.72;4.68
228267744;SMP;1;4.60;4.62
228284482;SMP;1;4.66;4.62
228317799;SMP;1;4.40;4.38
228334121;SMP;1;4.42;4.40
228350848;SMP;1;4.38;4.36
228367400;SMP;1;4.26;4.22
228384416;SMP;1;4.24;4.12
228401004;SMP;1;4.20;4.06
228434085;SMP;1;4.10;3.96
228450549;SMP;1;3.94;3.88
228467125;SMP;1;3.92;3.82
228483642;SMP;1;3.86;3.82
228500320;SMP;1;3.88;3.78
228516556;SMP;1;3.80;3.68
228533726;SMP;1;3.74;3.64
228550270;SMP;1;3.74;3.62
228566414;SMP;1;3.72;3.62
228583287;SMP;1;3.62;3.60
228600113;SMP;1;3.64;3.58
228616099;SMP;1;3.58;3.52
228632618;SMP;1;3.58;3.44
228649857;SMP;1;3.58;3.44
228666011;SMP;1;3.58;3.44
228682483;SMP;1;3.52;3.42
228699380;SMP;1;3.44;3.40
228715774;SMP;1;3.42;3.36
228732790;SMP;1;3.42;3.30
228749447;SMP;1;3.40;3.30
228766086;SMP;1;3.40;3.28
228782003;SMP;1;3.38;3.24
228798761;SMP;1;3.38;3.22
228815651;SMP;1;3.38;3.22
228832486;SMP;1;3.40;3.20
228848751;SMP;1;3.24;3.20
228865140;SMP;1;3.22;3.22
228881935;SMP;1;3.18;3.18
228898634;SMP;1;3.18;3.18
228914919;SMP;1;3.20;3.18
228931518;SMP;1;3.22;3.14
228948421;SMP;1;3.22;3.16
228964732;SMP;1;3.20;3.14
228981279;SMP;1;3.20;3.18
228997933;SMP;1;3.22;3.14
229014461;SMP;1;3.22;3.16
229031396;SMP;1;3.24;3.16
229047665;SMP;1;3.22;3.16
229064164;SMP;1;3.24;3.20
229080738;SMP;1;3.24;3.18
229097347;SMP;1;3.28;3.16
229113979;SMP;1;3.22;3.18
229130507;SMP;1;3.24;3.20
229147125;SMP;1;3.26;3.20
229163736;SMP;1;3.26;3.18
229180297;SMP;1;3.34;3.20
229196886;SMP;1;3.36;3.22
229213516;SMP;1;3.38;3.20
229230115;SMP;1;3.40;3.22
229247131;SMP;1;3.40;3.24
229263613;SMP;1;3.42;3.24
229280224;SMP;1;3.40;3.26
229296725;SMP;1;3.42;3.28
229313714;SMP;1;3.42;3.32
229330249;SMP;1;3.46;3.36
229346868;SMP;1;3.42;3.38
229363414;SMP;1;3.56;3.38
229379905;SMP;1;3.46;3.38
229396660;SMP;1;3.48;3.40
229412768;SMP;1;3.52;3.40
229429530;SMP;1;3.52;3.38
229446454;SMP;1;3.56;3.40
229462765;SMP;1;3.54;3.44
229479433;SMP;1;3.56;3.42
229495777;SMP;1;3.60;3.42
229512795;SMP;1;3.60;3.48
229529450;SMP;1;3.62;3.48
229545600;SMP;1;3.64;3.50
229562401;SMP;1;3.64;3.58
229578914;SMP;1;3.64;3.56
229595750;SMP;1;3.70;3.60
229612421;SMP;1;3.70;3.60
229628988;SMP;1;3.72;3.60
229645130;SMP;1;3.76;3.58
229662211;SMP;1;3.80;3.62
229678505;SMP;1;3.80;3.64
229695215;SMP;1;3.82;3.62
229712018;SMP;1;3.88;3.64
229728401;SMP;1;3.82;3.62
229744672;SMP;1;3.80;3.62
229761736;SMP;1;3.84;3.62
229778030;SMP;1;3.82;3.66
229794501;SMP;1;3.94;3.66
229811198;SMP;1;3.88;3.66
229827653;SMP;1;3.96;3.70
229844115;SMP;1;4.00;3.74
229861339;SMP;1;3.96;3.76
229877642;SMP;1;3.98;3.80
229894322;SMP;1;3.98;3.76
229911107;SMP;1;3.98;3.74
229927257;SMP;1;3.98;3.78
229944345;SMP;1;4.00;3.78
229960824;SMP;1;3.98;3.80
229977048;SMP;1;4.02;3.80
229993635;SMP;1;4.00;3.78
230010498;SMP;1;4.00;3.80
230026891;SMP;1;4.02;3.80
230043386;SMP;1;4.00;3.80
230060219;SMP;1;4.02;3.82
230077021;SMP;1;4.04;3.82
230093511;SMP;1;4.04;3.82
230110251;SMP;1;4.02;3.84
230126401;SMP;1;4.04;3.82
230143493;SMP;1;4.02;3.84
230159620;SMP;1;4.06;3.84
230176301;SMP;1;4.06;3.84
230192984;SMP;1;4.08;3.82
230209663;SMP;1;4.06;3.82
230225978;SMP;1;4.02;3.84
230242740;SMP;1;4.04;3.84
230259399;SMP;1;4.08;3.92
230276029;SMP;1;4.04;3.86
230292580;SMP;1;4.08;3.86
230309252;SMP;1;4.02;3.86
230325554;SMP;1;4.04;3.88
230342156;SMP;1;4.14;3.90
230359222;SMP;1;4.04;3.88
230375776;SMP;1;4.16;3.92
230391746;SMP;1;4.10;3.96
230408581;SMP;1;4.12;3.92
230425394;SMP;1;4.12;3.94
230441886;SMP;1;4.14;3.98
230458439;SMP;1;4.16;4.00
230475035;SMP;1;4.12;4.00
230491793;SMP;1;4.14;4.00
230508260;SMP;1;4.16;4.00
230524756;SMP;1;4.12;3.96
230541269;SMP;1;4.14;4.00
230558154;SMP;1;4.16;3.98
230574478;SMP;1;4.16;4.00
230591114;SMP;1;4.14;3.96
230607780;SMP;1;4.18;3.98
230624132;SMP;1;4.18;4.00
230640849;SMP;1;4.16;3.98
230657346;SMP;1;4.18;4.00
230674181;SMP;1;4.20;4.02
230690774;SMP;1;4.16;4.00
230707521;SMP;1;4.18;3.98
230724011;SMP;1;4.18;4.02
230740598;SMP;1;4.16;4.00
230757478;SMP;1;4.18;4.00
230774112;SMP;1;4.20;4.02
230790521;SMP;1;4.18;4.00
230806819;SMP;1;4.20;4.04
230823372;SMP;1;4.16;4.02
230840257;SMP;1;4.16;4.02
230856687;SMP;1;4.20;4.00
230873302;SMP;1;4.20;4.00
230890023;SMP;1;4.18;4.02
230906853;SMP;1;4.18;4.02
230923144;SMP;1;4.20;4.00
230940078;SMP;1;4.22;4.02
230956560;SMP;1;4.26;4.00
230973040;SMP;1;4.20;4.02
230989531;SMP;1;4.18;4.00
231006254;SMP;1;4.24;4.02
231022366;SMP;1;4.20;4.02
231039399;SMP;1;4.28;4.02
231055754;SMP;1;4.26;4.00
231072374;SMP;1;4.24;4.02
231089100;SMP;1;4.28;4.02
231105959;SMP;1;4.24;4.04
231122390;SMP;1;4.30;4.04
231138998;SMP;1;4.28;4.00
231155290;SMP;1;4.30;4.00
231172152;SMP;1;4.24;4.02
231189028;SMP;1;4.24;4.02
231205118;SMP;1;4.32;4.02
231221937;SMP;1;4.26;4.02
231238484;SMP;1;4.26;4.00
231255153;SMP;1;4.26;4.04
231271746;SMP;1;4.26;4.00
231288331;SMP;1;4.26;4.04
231304539;SMP;1;4.30;4.02
231321709;SMP;1;4.30;4.02
231338051;SMP;1;4.36;4.02
231354747;SMP;1;4.34;4.02
231371169;SMP;1;4.30;4.02
231387777;SMP;1;4.30;4.04
231404251;SMP;1;4.38;4.02
231420995;SMP;1;4.30;4.04
231437870;SMP;1;4.30;4.04
231454061;SMP;1;4.30;4.06
231470632;SMP;1;4.38;4.10
231487230;SMP;1;4.40;4.08
231503780;SMP;1;4.32;4.06
231520588;SMP;1;4.30;4.04
231537001;SMP;1;4.38;4.04
231553605;SMP;1;4.40;4.04
231570407;SMP;1;4.30;4.08
231586931;SMP;1;4.32;4.04
231603431;SMP;1;4.28;4.16
231620263;SMP;1;4.30;4.06
231636746;SMP;1;4.30;4.04
231653150;SMP;1;4.32;4.02
231670241;SMP;1;4.24;4.02
231686392;SMP;1;4.24;4.00
231703003;SMP;1;4.28;4.00
231719534;SMP;1;4.22;4.00
231736304;SMP;1;4.24;3.96
231752602;SMP;1;4.26;3.96
231769814;SMP;1;4.18;3.98
231786120;SMP;1;4.24;3.98
231802984;SMP;1;4.16;3.96
231819141;SMP;1;4.22;3.98
231835685;SMP;1;4.22;4.02
231852794;SMP;1;4.20;3.96
231869713;SMP;1;4.24;4.00
231885537;SMP;1;4.24;3.98
231902316;SMP;1;4.24;3.96
231918684;SMP;1;4.22;3.98
231935281;SMP;1;4.16;4.00
231952140;SMP;1;4.18;3.96
231968559;SMP;1;4.26;3.98
231985570;SMP;1;4.18;3.98
232001596;SMP;1;4.18;3.98
232018475;SMP;1;4.24;3.98
232034753;SMP;1;4.26;4.00
232051492;SMP;1;4.18;4.00
232068274;SMP;1;4.24;4.04
232084986;SMP;1;4.26;4.04
232101734;SMP;1;4.30;4.06
232117868;SMP;1;4.24;4.04
232134678;SMP;1;4.26;4.04
232151029;SMP;1;4.30;4.04
232167644;SMP;1;4.32;4.04
232200927;SMP;1;4.30;4.02
232217252;SMP;1;4.28;4.04
232250752;SMP;1;4.34;4.04
232284043;SMP;1;4.36;4.04
232300617;SMP;1;4.34;4.06
232333901;SMP;1;4.38;4.06
232350212;SMP;1;4.38;4.08
232367068;SMP;1;4.30;4.08
232383249;SMP;1;4.40;4.14
232400247;SMP;1;4.34;4.14
232416691;SMP;1;4.42;4.16
232433272;SMP;1;4.34;4.12
232450027;SMP;1;4.40;4.12
232466516;SMP;1;4.46;4.14
232483376;SMP;1;4.36;4.18
232499791;SMP;1;4.44;4.20
232516289;SMP;1;4.38;4.20
232532759;SMP;1;4.44;4.22
232549648;SMP;1;4.48;4.16
232566059;SMP;1;4.36;4.22
232582672;SMP;1;4.48;4.24
232599592;SMP;1;4.46;4.22
232616169;SMP;1;4.50;4.22
232632287;SMP;1;4.54;4.22
232649271;SMP;1;4.52;4.22
232665529;SMP;1;4.52;4.28
232682299;SMP;1;4.52;4.26
232698924;SMP;1;4.50;4.24
232715400;SMP;1;4.52;4.26
232732145;SMP;1;4.46;4.28
232748806;SMP;1;4.52;4.28
232765309;SMP;1;4.56;4.32
232782099;SMP;1;4.56;4.36
232798402;SMP;1;4.52;4.34
232815342;SMP;1;4.52;4.38
232831633;SMP;1;4.54;4.38
232848289;SMP;1;4.54;4.38
232864814;SMP;1;4.54;4.40
232881721;SMP;1;4.52;4.38
232898015;SMP;1;4.56;4.40
232914251;SMP;1;4.56;4.40
232930882;SMP;1;4.52;4.40
232947889;SMP;1;4.54;4.40
232964659;SMP;1;4.56;4.40
232980612;SMP;1;4.52;4.40
232997538;SMP;1;4.54;4.42
233014004;SMP;1;4.52;4.42
233030617;SMP;1;4.56;4.40
233047435;SMP;1;4.54;4.42
233063761;SMP;1;4.58;4.40
233080811;SMP;1;4.54;4.38
233097432;SMP;1;4.52;4.38
233113753;SMP;1;4.52;4.40
233130147;SMP;1;4.58;4.40
233146895;SMP;1;4.54;4.40
233163582;SMP;1;4.54;4.40
233179992;SMP;1;4.56;4.42
233196775;SMP;1;4.64;4.42
233213165;SMP;1;4.56;4.44
233229980;SMP;1;4.64;4.42
233246785;SMP;1;4.58;4.46
233263359;SMP;1;4.60;4.42
233279963;SMP;1;4.64;4.42
233296536;SMP;1;4.62;4.46
233313141;SMP;1;4.68;4.44
233329486;SMP;1;4.70;4.42
233346026;SMP;1;4.58;4.44
233362659;SMP;1;4.64;4.42
233379116;SMP;1;4.62;4.44
233396007;SMP;1;4.58;4.42
233412683;SMP;1;4.60;4.46
233429017;SMP;1;4.60;4.44
233445964;SMP;1;4.60;4.44
233462530;SMP;1;4.60;4.46
233479103;SMP;1;4.54;4.44
233495258;SMP;1;4.62;4.50
233511732;SMP;1;4.66;4.50
233528554;SMP;1;4.64;4.44
233545172;SMP;1;4.70;4.48
233562092;SMP;1;4.60;4.54
233578412;SMP;1;4.70;4.54
233594875;SMP;1;4.70;4.54
233611611;SMP;1;4.76;4.56
233628184;SMP;1;4.70;4.58
233644712;SMP;1;4.72;4.56
233661482;SMP;1;4.72;4.58
233677946;SMP;1;4.72;4.58
233694654;SMP;1;4.62;4.60
233711147;SMP;1;4.58;4.60
233727749;SMP;1;4.66;4.62
233744630;SMP;1;4.62;4.60
233760784;SMP;1;4.66;4.62
233777540;SMP;1;4.62;4.62
233794005;SMP;1;4.66;4.60
233810630;SMP;1;4.68;4.60
233827162;SMP;1;4.68;4.64
233843775;SMP;1;4.70;4.60
233860559;SMP;1;4.66;4.58
233877458;SMP;1;4.72;4.62
233893757;SMP;1;4.66;4.62
233910532;SMP;1;4.74;4.62
233926961;SMP;1;4.70;4.62
233943566;SMP;1;4.64;4.64
233959762;SMP;1;4.70;4.66
233976816;SMP;1;4.64;4.68
233993410;SMP;1;4.70;4.64
234010203;SMP;1;4.70;4.66
234026512;SMP;1;4.74;4.64
234043104;SMP;1;4.70;4.62
234059982;SMP;1;4.72;4.60
234076391;SMP;1;4.66;4.68
234092595;SMP;1;4.74;4.70
234109129;SMP;1;4.74;4.70
234125749;SMP;1;4.76;4.66
234142361;SMP;1;4.74;4.62
234158974;SMP;1;4.74;4.68
234175519;SMP;1;4.72;4.64
234192116;SMP;1;4.70;4.62
234208730;SMP;1;4.66;4.66
234225347;SMP;1;4.70;4.62
234241892;SMP;1;4.68;4.66
234259107;SMP;1;4.72;4.60
234275531;SMP;1;4.72;4.60
234292337;SMP;1;4.82;4.58
234308565;SMP;1;4.84;4.58
234325050;SMP;1;4.72;4.56
234341783;SMP;1;4.74;4.56
234358498;SMP;1;4.82;4.54
234375324;SMP;1;4.74;4.54
234391641;SMP;1;4.72;4.56
234408271;SMP;1;4.74;4.54
234424848;SMP;1;4.76;4.56
234441487;SMP;1;4.72;4.54
234458247;SMP;1;4.72;4.54
234474647;SMP;1;4.78;4.54
234491275;SMP;1;4.80;4.52
234508098;SMP;1;4.76;4.50
234524374;SMP;1;4.74;4.48
234540757;SMP;1;4.70;4.52
234557558;SMP;1;4.72;4.60
234574463;SMP;1;4.66;4.56
234590537;SMP;1;4.72;4.58
234607273;SMP;1;4.70;4.58
234623732;SMP;1;4.66;4.60
234640570;SMP;1;4.66;4.56
234657172;SMP;1;4.66;4.56
234673962;SMP;1;4.72;4.56
234690609;SMP;1;4.74;4.58
234706788;SMP;1;4.66;4.58
234723514;SMP;1;4.72;4.58
234740283;SMP;1;4.70;4.58
234757029;SMP;1;4.68;4.54
234773129;SMP;1;4.70;4.58
234790192;SMP;1;4.70;4.58
234806317;SMP;1;4.74;4.60
234823027;SMP;1;4.72;4.60
234839968;SMP;1;4.68;4.60
234856271;SMP;1;4.74;4.56
234872849;SMP;1;4.74;4.60
234889714;SMP;1;4.72;4.58
234906025;SMP;1;4.72;4.60
234922638;SMP;1;4.74;4.56
234939185;SMP;1;4.72;4.60
234955917;SMP;1;4.74;4.60
234972489;SMP;1;4.70;4.60
234988860;SMP;1;4.76;4.60
235005491;SMP;1;4.76;4.62
235022164;SMP;1;4.74;4.60
235039099;SMP;1;4.72;4.60
235055729;SMP;1;4.74;4.62
235072338;SMP;1;4.72;4.62
235088492;SMP;1;4.76;4.60
235105005;SMP;1;4.78;4.62
235121634;SMP;1;4.76;4.62
235138710;SMP;1;4.70;4.60
235154773;SMP;1;4.82;4.60
235171847;SMP;1;4.82;4.56
235188002;SMP;1;4.84;4.58
235205096;SMP;1;4.84;4.62
235221155;SMP;1;4.78;4.62
235238025;SMP;1;4.78;4.64
235254531;SMP;1;4.84;4.62
235271401;SMP;1;4.84;4.58
235288078;SMP;1;4.88;4.52
235304351;SMP;1;4.88;4.64
235321046;SMP;1;4.80;4.66
235337516;SMP;1;4.86;4.66
235354018;SMP;1;4.86;4.64
235370667;SMP;1;4.76;4.64
235387600;SMP;1;4.82;4.62
235403906;SMP;1;4.86;4.64
235420363;SMP;1;4.80;4.64
235436758;SMP;1;4.88;4.66
235453475;SMP;1;4.86;4.66
235470388;SMP;1;4.84;4.70
235486767;SMP;1;4.92;4.64
235503293;SMP;1;4.78;4.70
235519896;SMP;1;4.82;4.68
235536603;SMP;1;4.88;4.70
235553121;SMP;1;4.84;4.68
235569742;SMP;1;4.88;4.68
235586278;SMP;1;4.98;4.76
235603106;SMP;1;4.82;4.72
235619489;SMP;1;4.86;4.72
235636117;SMP;1;4.88;4.72
235652891;SMP;1;4.86;4.72
235669576;SMP;1;4.86;4.72
235686138;SMP;1;4.84;4.74
235702615;SMP;1;4.84;4.70
235719327;SMP;1;4.88;4.74
235735632;SMP;1;4.84;4.70
235752680;SMP;1;4.86;4.72
235769242;SMP;1;4.90;4.74
235785416;SMP;1;4.92;4.76
235802030;SMP;1;4.86;4.72
235818692;SMP;1;4.88;4.76
235835249;SMP;1;4.84;4.72
235851798;SMP;1;4.88;4.76
235868405;SMP;1;4.90;4.72
235885453;SMP;1;4.90;4.76
235902071;SMP;1;4.86;4.76
235918706;SMP;1;4.88;4.76
235935238;SMP;1;4.94;4.80
235951544;SMP;1;4.96;4.78
235968144;SMP;1;4.92;4.80
235984596;SMP;1;4.92;4.78
236001422;SMP;1;4.92;4.78
236017749;SMP;1;4.90;4.78
236034383;SMP;1;4.92;4.78
236051178;SMP;1;4.92;4.78
236067724;SMP;1;4.92;4.80
236084548;SMP;1;4.90;4.82
236117810;SMP;1;4.96;4.88
236134059;SMP;1;4.88;4.88
236150654;SMP;1;4.92;4.88
236167276;SMP;1;5.04;4.82
236183751;SMP;1;4.88;4.84
236200226;SMP;1;4.96;4.84
236216895;SMP;1;4.82;4.88
236234109;SMP;1;5.00;4.90
236250271;SMP;1;4.96;4.86
236266878;SMP;1;4.84;4.92
236283688;SMP;1;4.98;4.92
236300341;SMP;1;4.96;4.84
236316697;SMP;1;4.92;4.82
236332956;SMP;1;4.98;4.82
236349839;SMP;1;4.94;4.82
236366412;SMP;1;4.98;4.82
236383146;SMP;1;4.82;4.82
236399751;SMP;1;4.94;4.82
236416316;SMP;1;4.90;4.84
236432722;SMP;1;4.88;4.80
236449734;SMP;1;4.90;4.82
236466024;SMP;1;4.86;4.82
236482497;SMP;1;4.94;4.84
236499271;SMP;1;4.92;4.84
236515904;SMP;1;5.02;4.82
236532467;SMP;1;4.88;4.84
236549012;SMP;1;5.04;4.82
236565561;SMP;1;4.94;4.82
236582156;SMP;1;4.96;4.80
236598896;SMP;1;4.96;4.84
236615456;SMP;1;5.00;4.86
236631931;SMP;1;4.92;4.84
236648588;SMP;1;5.02;4.80
236665481;SMP;1;4.98;4.82
236681816;SMP;1;4.98;4.82
236698169;SMP;1;5.04;4.80
236715013;SMP;1;4.92;4.80
236731832;SMP;1;5.04;4.86
236748482;SMP;1;5.00;4.84
236764804;SMP;1;4.94;4.80
236781615;SMP;1;5.02;4.80
236798187;SMP;1;5.04;4.82
236814511;SMP;1;5.02;4.84
236831245;SMP;1;4.98;4.84
236847648;SMP;1;5.00;4.72
236864280;SMP;1;5.04;4.82
236880912;SMP;1;5.02;4.88
236897521;SMP;1;5.00;4.90
236914346;SMP;1;5.04;4.82
236930658;SMP;1;5.02;4.80
236947414;SMP;1;5.04;4.90
236963890;SMP;1;5.08;4.90
236980438;SMP;1;5.02;4.78
236997145;SMP;1;5.12;4.88
237013640;SMP;1;5.04;4.86
237030319;SMP;1;5.04;4.82
237046651;SMP;1;5.10;4.92
237063246;SMP;1;5.12;4.94
237080367;SMP;1;5.10;4.92
237096814;SMP;1;5.12;4.84
237113471;SMP;1;5.16;4.92
237129611;SMP;1;5.10;4.98
237146734;SMP;1;5.06;4.86
237163341;SMP;1;5.06;4.90
237179518;SMP;1;5.10;4.84
237196172;SMP;1;5.16;4.92
237212749;SMP;1;5.08;4.92
237229724;SMP;1;5.10;4.90
237245875;SMP;1;5.14;4.92
237262394;SMP;1;5.10;4.98
237279152;SMP;1;5.18;4.92
237296113;SMP;1;5.18;4.90
237312232;SMP;1;5.10;4.92
237328776;SMP;1;5.10;5.00
237345385;SMP;1;5.14;4.98
237362290;SMP;1;5.14;4.94
237379102;SMP;1;5.14;5.00
237395177;SMP;1;5.14;4.98
237412289;SMP;1;5.18;4.88
237428583;SMP;1;5.14;4.94
237445376;SMP;1;5.16;4.92
237461631;SMP;1;5.16;4.90
237478468;SMP;1;5.12;5.02
237494979;SMP;1;5.16;4.96
237511575;SMP;1;5.18;5.02
237528466;SMP;1;5.14;5.02
237544748;SMP;1;5.12;4.98
237561599;SMP;1;5.16;4.94
237578208;SMP;1;5.14;4.96
237594821;SMP;1;5.26;4.96
237611362;SMP;1;5.20;4.96
237627993;SMP;1;5.18;5.00
237644408;SMP;1;5.24;4.96
237660815;SMP;1;5.12;4.94
237677710;SMP;1;5.18;5.02
237694352;SMP;1;5.14;5.04
237710505;SMP;1;5.16;4.96
237727265;SMP;1;5.16;4.98
237743925;SMP;1;5.18;4.98
237760574;SMP;1;5.18;4.96
237777108;SMP;1;5.14;5.02
237793639;SMP;1;5.22;4.96
237810113;SMP;1;5.22;4.96
237826648;SMP;1;5.22;4.94
237843256;SMP;1;5.22;4.92
237860013;SMP;1;5.16;4.94
237876440;SMP;1;5.16;4.96
237893018;SMP;1;5.20;4.96
237909632;SMP;1;5.20;4.90
237926267;SMP;1;5.18;4.96
237943135;SMP;1;5.12;4.94
237959416;SMP;1;5.16;4.94
237976427;SMP;1;5.18;4.94
237993009;SMP;1;5.18;5.00
238009714;SMP;1;5.18;4.92
238026253;SMP;1;5.14;4.92
238042614;SMP;1;5.12;4.90
238059312;SMP;1;5.26;4.92
238075612;SMP;1;5.20;4.88
238092093;SMP;1;5.22;4.92
238108814;SMP;1;5.16;4.92
238125845;SMP;1;5.22;4.92
238142323;SMP;1;5.08;4.92
238158876;SMP;1;5.16;4.98
238175612;SMP;1;5.18;4.92
238192023;SMP;1;5.14;4.94
238208776;SMP;1;5.18;4.92
238225254;SMP;1;5.16;4.92
238241994;SMP;1;5.14;4.94
238258145;SMP;1;5.22;4.92
238275027;SMP;1;5.18;4.94
238291514;SMP;1;5.26;4.94
238308170;SMP;1;5.22;4.94
238325062;SMP;1;5.14;4.96
238341407;SMP;1;5.22;4.94
238358009;SMP;1;5.18;4.94
238374761;SMP;1;5.20;4.92
238391162;SMP;1;5.22;4.96
238407730;SMP;1;5.16;4.96
238424394;SMP;1;5.20;4.92
238441182;SMP;1;5.18;4.96
238457274;SMP;1;5.18;4.96
238474356;SMP;1;5.14;4.94
238490765;SMP;1;5.20;4.96
238507315;SMP;1;5.22;5.04
238523847;SMP;1;5.14;5.04
238540460;SMP;1;5.14;5.04
238557157;SMP;1;5.22;5.02
238573642;SMP;1;5.16;5.06
238589895;SMP;1;5.18;5.04
238606779;SMP;1;5.18;4.98
238623477;SMP;1;5.18;5.04
238640335;SMP;1;5.14;5.00
238656408;SMP;1;5.16;5.06
238673169;SMP;1;5.14;5.04
238690092;SMP;1;5.14;5.08
238706261;SMP;1;5.22;5.04
238723189;SMP;1;5.16;4.98
238739864;SMP;1;5.12;5.10
238756157;SMP;1;5.16;5.06
238772757;SMP;1;5.22;5.06
238789539;SMP;1;5.26;4.98
238805927;SMP;1;5.16;5.08
238822850;SMP;1;5.20;5.00
238839003;SMP;1;5.16;5.02
238855817;SMP;1;5.12;5.06
238872594;SMP;1;5.16;5.06
238888745;SMP;1;5.16;5.06
238905837;SMP;1;5.12;4.98
238922143;SMP;1;5.14;5.06
238938786;SMP;1;5.18;5.06
238955408;SMP;1;5.10;5.00
238972223;SMP;1;5.20;5.02
238988768;SMP;1;5.16;5.02
239005013;SMP;1;5.18;5.02
239021766;SMP;1;5.08;5.08
239038626;SMP;1;5.22;5.02
239054899;SMP;1;5.24;5.02
239071784;SMP;1;5.18;5.00
239088358;SMP;1;5.24;5.00
239104807;SMP;1;5.22;4.98
239121138;SMP;1;5.22;4.98
239137895;SMP;1;5.16;4.98
239154147;SMP;1;5.18;5.00
239170751;SMP;1;5.18;5.00
239187364;SMP;1;5.20;5.00
239203972;SMP;1;5.10;5.04
239220506;SMP;1;5.16;5.02
239237116;SMP;1;5.08;4.90
239253746;SMP;1;5.06;4.92
239270344;SMP;1;4.96;4.88
239286900;SMP;1;4.92;4.86
239303906;SMP;1;4.88;4.84
239320664;SMP;1;4.84;4.82
239336878;SMP;1;4.76;4.80
239353949;SMP;1;4.68;4.74
239370475;SMP;1;4.68;4.64
239386772;SMP;1;4.62;4.64
239403243;SMP;1;4.58;4.56
239419865;SMP;1;4.56;4.54
239436406;SMP;1;4.50;4.50
239452878;SMP;1;4.48;4.40
239470095;SMP;1;4.48;4.42
239486500;SMP;1;4.34;4.46
239503025;SMP;1;4.32;4.40
239519838;SMP;1;4.28;4.44
239536441;SMP;1;4.22;4.40
239552921;SMP;1;4.18;4.34
239569365;SMP;1;4.18;4.26
239585908;SMP;1;4.12;4.32
239602810;SMP;1;4.06;4.26
239619272;SMP;1;4.10;4.22
239635753;SMP;1;4.08;4.22
239652348;SMP;1;4.06;4.24
239669000;SMP;1;4.04;4.20
239685833;SMP;1;3.98;4.22
239702477;SMP;1;4.00;4.16
239718724;SMP;1;4.02;4.12
239735304;SMP;1;4.00;4.10
239751759;SMP;1;4.02;4.18
239768578;SMP;1;4.00;4.08
239785164;SMP;1;4.00;4.06
239801527;SMP;1;4.02;4.02
239818086;SMP;1;3.98;3.98
239835194;SMP;1;4.02;3.98
239851290;SMP;1;4.02;3.96
239867884;SMP;1;4.00;3.92
239884790;SMP;1;4.00;3.92
239901568;SMP;1;3.98;3.88
239917679;SMP;1;4.00;3.88
239934680;SMP;1;4.00;3.88
239951166;SMP;1;3.94;3.86
239984535;SMP;1;3.88;3.84
240000803;SMP;1;3.86;3.82
240034021;SMP;1;3.84;3.82
240050541;SMP;1;3.84;3.80
240067035;SMP;1;3.82;3.80
240083678;SMP;1;3.92;3.80
240100455;SMP;1;3.90;3.80
240116998;SMP;1;3.90;3.78
240133577;SMP;1;3.86;3.72
240149875;SMP;1;3.90;3.74
240183253;SMP;1;3.88;3.78
240199655;SMP;1;3.84;3.72
240216529;SMP;1;3.84;3.72
240232861;SMP;1;3.84;3.74
240249486;SMP;1;3.82;3.70
240266260;SMP;1;3.84;3.72
240283140;SMP;1;3.82;3.74
240299839;SMP;1;3.86;3.64
240316011;SMP;1;3.88;3.54
240332604;SMP;1;3.34;2.36
240349011;SMP;1;0.00;0.00
240365655;SMP;1;0.00;0.00
240382742;SMP;1;0.00;0.00
240399252;SMP;1;0.00;0.00
240415535;SMP;1;3.36;1.88
240432154;SMP;1;3.80;2.46
240448854;SMP;1;3.94;3.78
240465508;SMP;1;3.84;3.78
240481909;SMP;1;3.78;3.74
240498966;SMP;1;3.74;3.62
240515161;SMP;1;3.70;3.66
240532016;SMP;1;3.66;3.64
240548443;SMP;1;3.68;3.60
240565077;SMP;1;3.74;3.60
240581977;SMP;1;3.72;3.64
240598395;SMP;1;3.74;3.60
240615216;SMP;1;3.64;3.62
240631724;SMP;1;3.70;3.62
240648045;SMP;1;3.64;3.62
240664819;SMP;1;3.66;3.62
240681118;SMP;1;3.64;3.60
240697652;SMP;1;3.70;3.62
240714411;SMP;1;3.64;3.60
240730875;SMP;1;3.68;3.60
240747480;SMP;1;3.64;3.60
240764220;SMP;1;3.66;3.60
240780988;SMP;1;3.62;3.60
240797465;SMP;1;3.64;3.60
240814336;SMP;1;3.62;3.58
240830413;SMP;1;3.64;3.60
240847282;SMP;1;3.64;3.62
240864112;SMP;1;3.64;3.60
240880625;SMP;1;3.64;3.60
240897056;SMP;1;3.64;3.58
240913591;SMP;1;3.64;3.60
240929870;SMP;1;3.66;3.60
240946492;SMP;1;3.66;3.60
240963432;SMP;1;3.66;3.60
240979918;SMP;1;3.68;3.58
240996523;SMP;1;3.64;3.60
241013211;SMP;1;3.62;3.60
241030080;SMP;1;3.64;3.58
241046444;SMP;1;3.66;3.58
241063235;SMP;1;3.70;3.60
241079654;SMP;1;3.68;3.60
241096235;SMP;1;3.72;3.60
241112807;SMP;1;3.70;3.60
241128995;SMP;1;3.70;3.58
241145929;SMP;1;3.72;3.62
241162648;SMP;1;3.74;3.60
241178913;SMP;1;3.76;3.60
241195721;SMP;1;3.74;3.60
241212312;SMP;1;3.76;3.58
241229022;SMP;1;3.74;3.60
241245363;SMP;1;3.80;3.62
241262136;SMP;1;3.78;3.60
241278657;SMP;1;3.74;3.64
241295141;SMP;1;3.80;3.66
241311971;SMP;1;3.78;3.62
241328285;SMP;1;3.80;3.62
241345120;SMP;1;3.80;3.62
241361911;SMP;1;3.78;3.68
241378377;SMP;1;3.78;3.60
241394817;SMP;1;3.80;3.70
241411747;SMP;1;3.80;3.62
241428078;SMP;1;3.80;3.72
241445026;SMP;1;3.80;3.70
241461244;SMP;1;3.78;3.62
241477846;SMP;1;3.76;3.62
241494740;SMP;1;3.78;3.68
241511344;SMP;1;3.76;3.64
241527423;SMP;1;3.72;3.66
241544212;SMP;1;3.76;3.62
241560810;SMP;1;3.74;3.62
241577244;SMP;1;3.76;3.62
241594315;SMP;1;3.74;3.62
241610604;SMP;1;3.74;3.62
241627162;SMP;1;3.68;3.62
241644097;SMP;1;3.72;3.62
241660644;SMP;1;3.74;3.64
241677186;SMP;1;3.78;3.64
241693869;SMP;1;3.78;3.64
241710495;SMP;1;3.80;3.62
241726627;SMP;1;3.80;3.64
241743413;SMP;1;3.78;3.64
241759897;SMP;1;3.80;3.64
241776402;SMP;1;3.78;3.64
241792908;SMP;1;3.82;3.72
241809810;SMP;1;3.80;3.70
241826387;SMP;1;3.82;3.64
241842640;SMP;1;3.82;3.62
241859814;SMP;1;3.84;3.66
241876228;SMP;1;3.82;3.64
241892810;SMP;1;3.78;3.64
241909598;SMP;1;3.82;3.74
241925775;SMP;1;3.82;3.64
241942633;SMP;1;3.82;3.76
241959164;SMP;1;3.80;3.68
241975978;SMP;1;3.84;3.62
241992131;SMP;1;3.80;3.70
242008943;SMP;1;3.82;3.64
242025331;SMP;1;3.86;3.66
242041914;SMP;1;3.82;3.68
242058639;SMP;1;3.82;3.70
242075061;SMP;1;3.86;3.70
242091600;SMP;1;3.86;3.66
242108128;SMP;1;3.84;3.68
242124753;SMP;1;3.88;3.78
242141505;SMP;1;3.90;3.68
242157911;SMP;1;3.92;3.74
242174650;SMP;1;3.92;3.74
242191135;SMP;1;3.92;3.66
242207891;SMP;1;3.92;3.72
242224574;SMP;1;3.84;3.76
242241019;SMP;1;3.92;3.72
242257497;SMP;1;3.94;3.72
242274127;SMP;1;3.96;3.78
242290727;SMP;1;3.94;3.74
242307406;SMP;1;3.82;3.70
242324034;SMP;1;3.92;3.74
242340643;SMP;1;3.84;3.74
242357253;SMP;1;3.90;3.72
242373648;SMP;1;3.86;3.70
242390402;SMP;1;3.86;3.70
242407039;SMP;1;3.82;3.68
242423686;SMP;1;3.82;3.66
242440125;SMP;1;3.80;3.66
242456936;SMP;1;3.80;3.64
242473835;SMP;1;3.82;3.64
242490271;SMP;1;3.80;3.64
242506874;SMP;1;3.82;3.64
242523352;SMP;1;3.80;3.64
242540216;SMP;1;3.80;3.62
242556578;SMP;1;3.78;3.62
242573260;SMP;1;3.78;3.62
242589627;SMP;1;3.78;3.62
242606135;SMP;1;3.78;3.62
242622620;SMP;1;3.80;3.60
242639360;SMP;1;3.76;3.62
242656088;SMP;1;3.74;3.58
242672478;SMP;1;3.80;3.58
242689571;SMP;1;3.84;3.58
242705745;SMP;1;3.80;3.58
242722369;SMP;1;3.78;3.58
242739078;SMP;1;3.78;3.60
242755689;SMP;1;3.76;3.56
242772401;SMP;1;3.76;3.58
242788819;SMP;1;3.76;3.58
242805431;SMP;1;3.78;3.60
242822043;SMP;1;3.72;3.56
242838361;SMP;1;3.74;3.60
242855259;SMP;1;3.76;3.60
242872047;SMP;1;3.72;3.52
242888265;SMP;1;3.78;3.58
242905037;SMP;1;3.74;3.56
242921541;SMP;1;3.76;3.54
242938051;SMP;1;3.72;3.54
242954636;SMP;1;3.76;3.56
242971270;SMP;1;3.74;3.54
242987874;SMP;1;3.74;3.52
243004429;SMP;1;3.74;3.56
243021115;SMP;1;3.62;3.46
243037863;SMP;1;3.62;3.52
243054254;SMP;1;3.60;3.46
243070870;SMP;1;3.62;3.46
243087239;SMP;1;3.60;3.42
243104074;SMP;1;3.60;3.44
243120630;SMP;1;3.48;3.42
243137245;SMP;1;3.52;3.50
243153951;SMP;1;3.50;3.48
243170850;SMP;1;3.48;3.52
243187008;SMP;1;3.50;3.54
243203637;SMP;1;3.42;3.46
243220289;SMP;1;3.40;3.52
243236884;SMP;1;3.44;3.40
243253381;SMP;1;3.42;3.44
243269857;SMP;1;3.42;3.42
243286536;SMP;1;3.40;3.44
243303284;SMP;1;3.42;3.44
243320206;SMP;1;3.40;3.42
243336568;SMP;1;3.40;3.44
243353248;SMP;1;3.40;3.42
243369921;SMP;1;3.44;3.30
243386126;SMP;1;3.36;3.34
243402754;SMP;1;3.56;3.38
243419223;SMP;1;3.50;3.30
243436050;SMP;1;3.50;3.36
243452572;SMP;1;3.48;3.34
243469044;SMP;1;3.52;3.34
243485651;SMP;1;3.46;3.38
243502188;SMP;1;3.56;3.36
243518770;SMP;1;3.46;3.38
243535571;SMP;1;3.56;3.36
243551988;SMP;1;3.52;3.16
243568649;SMP;1;0.00;0.00
243585275;SMP;1;0.00;0.00
243601884;SMP;1;0.00;0.00
243618355;SMP;1;0.00;0.00
243634981;SMP;1;0.00;0.00
243651504;SMP;1;0.00;0.00
243668270;SMP;1;0.00;0.00
243684861;SMP;1;3.18;0.00
243701492;SMP;1;3.46;3.10
243718025;SMP;1;3.60;3.46
243734641;SMP;1;3.62;3.48
243751265;SMP;1;3.58;3.42
243768008;SMP;1;3.56;3.42
243784404;SMP;1;3.56;3.44
243800873;SMP;1;3.56;3.42
243834115;SMP;1;3.58;3.40
243867564;SMP;1;3.60;3.40
243884023;SMP;1;3.58;3.40
243917165;SMP;1;3.58;3.40
243933628;SMP;1;3.58;3.38
243950263;SMP;1;3.54;3.40
243967149;SMP;1;3.56;3.38
243983635;SMP;1;3.56;3.40
244000005;SMP;1;3.46;2.90
244016902;SMP;1;0.00;0.00
244033387;SMP;1;0.00;0.00
244049995;SMP;1;0.00;0.00
244066668;SMP;1;0.00;0.00
244083032;SMP;1;0.00;0.00
244099902;SMP;1;0.00;0.00
244116392;SMP;1;3.62;2.30
244132956;SMP;1;3.72;3.38
244149513;SMP;1;3.60;3.42
244166089;SMP;1;3.58;3.40
244182758;SMP;1;3.58;3.42
244199305;SMP;1;3.52;3.40
244215754;SMP;1;3.52;3.38
244232494;SMP;1;3.48;3.38
244248985;SMP;1;3.44;3.38
244265601;SMP;1;3.46;3.38
244282171;SMP;1;3.50;3.38
244298754;SMP;1;3.52;3.38
244315345;SMP;1;3.48;3.38
244331970;SMP;1;3.48;3.34
244348491;SMP;1;3.54;3.40
244365119;SMP;1;3.52;3.38
244381735;SMP;1;3.50;3.38
244398356;SMP;1;3.52;3.42
244415035;SMP;1;3.52;3.40
244431625;SMP;1;3.50;3.42
244448287;SMP;1;3.52;3.44
244465003;SMP;1;3.62;3.38
244481553;SMP;1;3.56;3.40
244497879;SMP;1;3.58;3.40
244514836;SMP;1;3.58;3.44
244531516;SMP;1;3.64;3.40
244548246;SMP;1;3.58;3.44
244564390;SMP;1;3.62;3.40
244581001;SMP;1;3.58;3.42
244597893;SMP;1;3.56;3.44
244614396;SMP;1;3.56;3.40
244630997;SMP;1;3.60;3.40
244647841;SMP;1;3.52;3.40
244664053;SMP;1;3.58;3.40
244680462;SMP;1;3.54;3.44
244697411;SMP;1;3.54;3.40
244714053;SMP;1;3.52;3.42
244730856;SMP;1;3.44;3.40
244747123;SMP;1;3.50;3.44
244764000;SMP;1;3.46;3.44
244780539;SMP;1;3.48;3.40
244797198;SMP;1;3.44;3.44
244813614;SMP;1;3.42;3.44
244830186;SMP;1;3.42;3.46
244846366;SMP;1;3.48;3.44
244863294;SMP;1;3.42;3.44
244879806;SMP;1;3.46;3.44
244896494;SMP;1;3.42;3.44
244912904;SMP;1;3.40;3.44
244929924;SMP;1;3.46;3.42
244946289;SMP;1;3.42;3.42
244962679;SMP;1;3.42;3.44
244979291;SMP;1;3.42;3.42
244995899;SMP;1;3.38;3.42
245012590;SMP;1;3.42;3.40
245029051;SMP;1;3.40;3.40
245045870;SMP;1;3.40;3.38
245062582;SMP;1;3.42;3.36
245079090;SMP;1;3.42;3.36
245095796;SMP;1;3.40;3.36
245112518;SMP;1;3.34;3.36
245128761;SMP;1;3.40;3.38
245145523;SMP;1;3.40;3.36
245161965;SMP;1;3.42;3.22
245178561;SMP;1;3.40;3.28
245195281;SMP;1;3.40;3.30
245211771;SMP;1;3.40;3.26
245228415;SMP;1;3.40;3.26
245250500;SMP;1;3.42;3.22
245278166;SMP;1;3.38;3.24
245294638;SMP;1;3.40;3.24
245311318;SMP;1;3.40;3.24
245328190;SMP;1;3.40;3.22
245344390;SMP;1;3.38;3.20
245361003;SMP;1;3.40;3.20
245377476;SMP;1;3.22;3.20
245394159;SMP;1;3.36;3.14
245410751;SMP;1;3.40;3.16
245427409;SMP;1;3.34;3.16
245444373;SMP;1;3.36;3.18
245460792;SMP;1;3.32;3.18
245477151;SMP;1;3.38;3.20
245493908;SMP;1;3.36;3.22
245510367;SMP;1;3.38;3.22
245526847;SMP;1;3.40;3.20
245543512;SMP;1;3.40;3.22
245560289;SMP;1;3.40;3.20
245576629;SMP;1;3.38;3.22
245593362;SMP;1;3.40;3.24
245609751;SMP;1;3.42;3.20
245626510;SMP;1;3.42;3.22
245643135;SMP;1;3.42;3.22
245659597;SMP;1;3.42;3.24
245676423;SMP;1;3.42;3.24
